TREE_COLORS
SEPARATOR SPACE

DATA
107|126 range rgba(31, 79, 102, 0.5)
136|139 range rgba(176, 124, 23, 0.5)
822|825 range rgba(23, 70, 178, 0.5)
712|722 range rgba(115, 127, 222, 0.5)
1|106 range rgba(212, 10, 48, 0.5)
549|555 range rgba(208, 54, 194, 0.5)
897|897 range rgba(95, 241, 223, 0.5)
269|282 range rgba(48, 142, 159, 0.5)
543|548 range rgba(119, 46, 25, 0.5)
898|900 range rgba(207, 83, 5, 0.5)
257|268 range rgba(167, 210, 206, 0.5)
424|426 range rgba(41, 147, 168, 0.5)
983|987 range rgba(89, 50, 32, 0.5)
830|830 range rgba(242, 59, 36, 0.5)
127|134 range rgba(35, 89, 121, 0.5)
993|994 range rgba(151, 235, 37, 0.5)
229|256 range rgba(81, 109, 23, 0.5)
286|353 range rgba(130, 180, 161, 0.5)
427|493 range rgba(229, 47, 64, 0.5)
196|223 range rgba(0, 232, 167, 0.5)
671|671 range rgba(191, 143, 242, 0.5)
964|964 range rgba(28, 108, 76, 0.5)
988|991 range rgba(170, 32, 188, 0.5)
962|963 range rgba(93, 204, 247, 0.5)
228|228 range rgba(217, 19, 155, 0.5)
140|195 range rgba(67, 25, 157, 0.5)
864|896 range rgba(167, 190, 152, 0.5)
826|829 range rgba(201, 35, 165, 0.5)
995|995 range rgba(118, 21, 88, 0.5)
831|863 range rgba(169, 114, 26, 0.5)
494|531 range rgba(200, 219, 29, 0.5)
556|589 range rgba(174, 14, 197, 0.5)
636|670 range rgba(142, 39, 81, 0.5)
992|992 range rgba(97, 63, 76, 0.5)
532|542 range rgba(204, 62, 33, 0.5)
135|135 range rgba(80, 175, 81, 0.5)
901|961 range rgba(127, 52, 76, 0.5)
723|820 range rgba(250, 200, 77, 0.5)
965|982 range rgba(174, 154, 32, 0.5)
690|700 range rgba(238, 23, 143, 0.5)
701|711 range rgba(176, 104, 32, 0.5)
354|423 range rgba(236, 15, 146, 0.5)
283|285 range rgba(224, 198, 40, 0.5)
590|635 range rgba(48, 158, 53, 0.5)
676|689 range rgba(0, 107, 45, 0.5)
224|227 range rgba(68, 243, 150, 0.5)
672|675 range rgba(4, 1, 73, 0.5)
821|821 range rgba(120, 89, 218, 0.5)
