"rx","ry","rxy","corr","rx.hat","ry.hat","rxy.hat","corr.hat","rx0.hat","ry0.hat","LR","kx","ky","tree.index","tree.size"
0.00650858519537578,0.00278939365516105,0.00743838308042946,0.622799155329218,0.00676439556370852,0.00301837232914457,0.00714610419476355,0.600973703350531,0.013592795128315,0.0101209704653233,56.5165226956227,3,2,1,355
0.00511388836779525,0.00232449471263421,0.000929797885053682,0.209656967344384,0.00418388566880395,0.00195002022971656,0.00103487183139309,0.262203625210114,0.00523536313193228,0.0028872762652451,8.56862647813389,4,2,1,355
0.00232449471263421,0.00325429259768789,0.00278939365516105,0.501745206004254,0.00363332287923022,0.00247565020112643,0.00405683200790137,0.572374612840959,0.00779816940901785,0.00646651817985308,49.7383541886089,3,2,1,355
0.000929797885053682,0.00650858519537578,0.00464898942526841,0.58925565098879,0,0.00791950504478436,0.00615135275758114,0.66118810123513,0.00622536888973145,0.0147400158598078,69.559798738708,5,2,1,355
0.00511388836779525,0.00418409048274157,0.00557878731032209,0.546018906231948,0.0040263507997013,0.00540187482995053,0.0038435889790053,0.450595534458017,0.00797112352449659,0.00932362626524187,29.4712698496049,2,5,1,355
0.00604368625284893,0.00464898942526841,0.00929797885053682,0.635641726163728,0.00512108848593687,0.00518684552478662,0.00859726044412121,0.625201281090918,0.0137861652106519,0.013904267299974,69.6393953078732,3,5,1,355
0.00232449471263421,0.00929797885053682,0.00743838308042946,0.581914373962646,0.00211082209002079,0.0134702249714584,0.00922202929827778,0.575066514896838,0.0114219888222419,0.0229916298724305,60.4352520609593,5,3,1,355
0.00836818096548314,0.00511388836779525,0.00418409048274157,0.387298334620742,0.00843146890198403,0.0059225150984643,0.00103415571671382,0.127441411113889,0.00934868673528208,0.00687774381125831,2.74937242258738,2,2,1,355
0.00743838308042946,0.00883307990800998,0.00418409048274157,0.340168025708305,0.00529132632344188,0.00938092709253043,0.00690556218163516,0.489960167606166,0.0119863390973012,0.0153123855098842,37.7605454698389,4,2,1,355
0.00418409048274157,0.00557878731032209,0.00557878731032209,0.534522483824849,0.00426863978701941,0.00741129508089038,0.0060972622560749,0.515260487246041,0.0103663055985846,0.0133372762113173,43.2418587411354,3,4,1,355
0.00936329207828502,0.01872658415657,0.01872658415657,0.577350269189626,0.0107884518094025,0.0186314553678161,0.0173046651064195,0.544625084503474,0.0277812438105457,0.0351188372067141,18.1441035162854,3,4,2,119
0.0117041150978563,0.0152153496272132,0.0175561726467844,0.566946709513841,0.0098607425698202,0.0157284044692361,0.0184293273138889,0.592854282365245,0.0286321269397163,0.0341262295469223,29.112947572644,4,5,2,119
0.0210674071761413,0.0105337035880706,0.00936329207828502,0.380521195323595,0.0260919669176642,0.00768826407005395,0.00743346934872722,0.330144105139476,0.0327697856307441,0.0150664733447269,8.16683514963654,3,5,2,119
0.0128745266076419,0.00234082301957125,0.0128745266076419,0.650443635587991,0.0078162540002995,0,0.0186838652049974,0.839671570104354,0.0278129880700483,0.0194192789184885,68.2060833917685,5,3,2,119
0.00351123452935688,0.0222378186859269,0.0117041150978563,0.515026202624605,7.58370189704558e-07,0.0315516273604702,0.0085833946691483,0.462432770949502,0.00861143509544839,0.0393309514709675,13.7870526122417,4,4,2,119
0.00585205754892814,0.00234082301957125,0.0105337035880706,0.725240667622842,0.00383286221145777,0.00119384257413147,0.0151607795316863,0.860195476471017,0.0215398942738487,0.016891715687898,54.9845012030764,2,3,2,119
0.00585205754892814,0.00936329207828502,0.0175561726467844,0.699378606180235,0.00504287069400316,0.00798944185713081,0.0158737873777386,0.710509360337579,0.0215112751870128,0.025201008675414,38.5597841356468,2,2,2,119
0.01872658415657,0.0198969956663557,0.00585205754892814,0.232621052599618,0.0203254948397764,0.0260591664726961,0.0090810297788513,0.282495255392244,0.0292198234782963,0.0345320731293304,4.3761385990062,5,2,2,119
0.00936329207828502,0.00819288056849939,0.01872658415657,0.681005224606999,0.00424076809304741,0.00245552381820417,0.0205804305323012,0.86067656155852,0.0249993027916964,0.0226038225465022,62.6369740952527,4,2,2,119
0.0198969956663557,0.00936329207828502,0.0163857611369988,0.536087706747238,0.0138835711421193,0.00936900717406692,0.0126984438878253,0.52430073743238,0.0268656923298182,0.0219792856629738,23.9476515827072,4,5,2,119
0.00109289923551265,0.00491804655980691,0.00519127136868507,0.651311611681508,0.00149146629938493,0.00461722670782996,0.00747665533936513,0.717916196854615,0.00901931019061237,0.0122849999047354,100.151460605961,4,4,3,299
0.00327869770653794,0.00409837213317243,0.00136612404439081,0.27116307227332,0.00305564505318398,0.0046221728493713,0.00117304486903498,0.236960973633865,0.00423786595820413,0.00584847494080577,11.0051742788427,5,3,3,299
0.00273224808878162,0.00519127136868507,0.000546449617756323,0.125988157669742,0.00307954107669557,0.00470417273214826,0.000176736869474017,0.0443318690824011,0.00324855297627032,0.00487845899306714,0.380658420609507,2,3,3,299
0.00300547289765978,0.00136612404439081,0.00218579847102529,0.509027810380622,0.00111432485466476,0.00173564375058066,0.00227682949441174,0.61723515741641,0.00342234997147992,0.00413983407562654,45.6628657741651,3,2,3,299
0.00519127136868507,0.00245902327990346,0.00491804655980691,0.5694947974515,0.00440477630619724,0.00404635841903029,0.00591283240923775,0.583302739199019,0.0102690104499084,0.0100314970046383,66.2355379345798,4,3,3,299
0.00546449617756323,0.000546449617756323,0.0035519225154161,0.584306547468143,0.0047973916968694,5.86998293077015e-08,0.00394661891235362,0.671821701803861,0.00830506611667654,0.00400534229513208,60.8018647106992,5,3,3,299
0.00245902327990346,0.00327869770653794,0.00191257366214713,0.401477534273483,0.0033497206103737,0.00344574109913492,0.00296152131825873,0.46571603719027,0.00629076705129216,0.00649542910644196,29.6920573677764,3,3,3,299
0.00218579847102529,0.000546449617756323,0.00409837213317243,0.75858260613626,0.00157038806478278,0.00121576401119506,0.00510588250153473,0.785938833875457,0.00666210094254597,0.00583392549849632,90.5761834902513,5,2,3,299
0.00491804655980691,0.00109289923551265,0.00109289923551265,0.301511344577764,0.00365545843159439,0.00147522691245736,0.00337436219365614,0.577919173328374,0.00688102321064213,0.0046718469035269,43.1380561176034,3,3,3,299
0.00464482175092875,0.00218579847102529,0.00300547289765978,0.476910483238266,0.00223468120323312,0.00186961734155109,0.00308361702016671,0.600799624025947,0.00519531480714712,0.00486012689370901,47.5508336922758,4,5,3,299
0.0152805999193052,0.012063631515241,0.0104551473132088,0.43429951810769,0.0125089702133275,0.0167677103684477,0.00769849825769928,0.346231616615106,0.0202699552419304,0.0251172146134871,20.3959132519363,3,4,4,239
0.00321696840406426,0.0160848420203213,0.00321696840406426,0.288675134594813,0.00173048569158028,0.0214172977830523,0.00635784784334268,0.42418219189613,0.00804681700012826,0.0253730291952299,18.0290086530032,2,2,4,239
0.0136721157172731,0.00241272630304819,0.00804242101016065,0.533760512683624,0.0124309179576754,0.000988877628335536,0.0049339508088341,0.486513041050496,0.0171417812933442,0.0059189644907604,21.9202816205353,2,3,4,239
0.00160848420203213,0.00321696840406426,0.012867873616257,0.843274042711568,0.00393457272835604,0.00124981145649717,0.0147725326064096,0.853274240003705,0.0180899978792147,0.0157109937409882,85.0051283214773,2,2,4,239
0.0112593894142249,0.0136721157172731,0.0144763578182892,0.537852874200477,0.00705309226442989,0.0127747400508212,0.00905564067960707,0.482900701030309,0.0160734859914435,0.020278680194708,23.2876842677077,5,2,4,239
0.00241272630304819,0.0136721157172731,0.00402121050508032,0.376889180722205,0.00474268179572876,0.0130277558900271,0.00468079550517308,0.362345235857178,0.00945482882971409,0.0179249617914221,19.3920377907527,3,4,4,239
0.00884666311117671,0.012063631515241,0.00402121050508032,0.279508497187474,0.0090035055004236,0.0127476176977942,0.00372628019385896,0.257315991344053,0.0127092516152163,0.0168268978787186,6.00910231776405,2,2,4,239
0.00402121050508032,0.0152805999193052,0.00804242101016065,0.479463301485384,0.0053574503049398,0.0196161412057089,0.00759657585365334,0.404603411964724,0.0131417331176231,0.0274442628582842,25.5628592512737,5,4,4,239
0.012867873616257,0.0112593894142249,0.012063631515241,0.500278009473803,0.0169506037961602,0.0102266854250911,0.0116588289188127,0.465931344330565,0.0288006878471366,0.0218214483229667,27.0553768466982,4,5,4,239
0.0144763578182892,0.0160848420203213,0.00562969470711245,0.269430125621825,0.014760762229024,0.0112469909962598,0.0045667850992959,0.261218787907795,0.0190894717639702,0.0158276465821837,9.1936968602655,4,5,4,239
0.00299053582824262,0.00560725467795491,0.00112145093559098,0.21320071635561,0.00330700279178093,0.00449266123143659,0.00159318850860908,0.291742724969772,0.0049053661737071,0.00608284875863035,7.32008125030075,5,5,5,136
0.00710252259207622,0.0041119867638336,0.0041119867638336,0.428174419288838,0.00567795848014058,0.00484895537419692,0.00262625551959847,0.33333121637742,0.00842430675573731,0.00742230777552937,9.26778197013084,2,4,5,136
0.000747633957060654,0.00747633957060654,0.00672870561354589,0.65292862509901,1.69976853608318e-05,0.0117216325521957,0.00693909261842178,0.609054028526981,0.00700104012761565,0.0207094156215013,34.4789503799356,5,3,5,136
0.00448580374236393,0.00485962072089425,0.0041119867638336,0.468191091917312,0.00223477727418266,0.00690581556190472,0.00691738760944243,0.615001037149587,0.00887821488244409,0.0138536960764214,36.0432298541181,3,3,5,136
0.00261671884971229,0.00336435280677295,0.000747633957060654,0.201007563051842,0.000817755454721362,0.00326127250118411,0.00111256890329921,0.38289549435142,0.00196061469668649,0.00451755236156318,9.4971401378281,3,3,5,136
0.00523343769942458,0.00747633957060654,0.00299053582824262,0.322329185610152,0.0079100755480629,0.00683719170156576,0.000714765576788292,0.0885642225323012,0.00856842223053681,0.00755346921889405,0.233545921163,2,5,5,136
0.00485962072089425,0.00747633957060654,0.00261671884971229,0.301232038038355,0.00220046481659595,0.0130388860212916,0.00344349556583808,0.357024128419776,0.00564615854982996,0.0164625936101809,10.0400165151136,5,3,5,136
0.00485962072089425,0.00747633957060654,0.00560725467795491,0.479157423749955,0.0021092261669495,0.00880596766472278,0.00350765196183824,0.421770429203899,0.00558445601897923,0.01217488234928,12.0239025443902,2,2,5,136
0.0041119867638336,0.000747633957060654,0.00747633957060654,0.765839581067484,0.00301331398904599,0.00224346322652341,0.0085176579162045,0.764642577001778,0.0116111991670978,0.0110712181984523,56.2724007213415,3,2,5,136
0.00448580374236393,0.00485962072089425,0.00747633957060654,0.615457454896664,0.00201760360604715,0.0028242998513566,0.00698965993712641,0.743425536248776,0.00909626384919936,0.0103395559395828,50.7653451419354,4,2,5,136
0.00571009989012167,0.00249816870192823,0.000713762486265208,0.157134840263677,0.0065304763274511,0.000754447278807574,0.00147017373545854,0.348480117468632,0.00794801616966296,0.00219473949769948,11.2880309541059,5,2,6,246
0.00392569367445865,0.00535321864698906,0.00678074361951948,0.594913076530892,0.00323646052199401,0.00423536332883255,0.00801231713482643,0.682619264896435,0.0113266257090701,0.0122401637276771,82.3049043855994,5,4,6,246
0.00249816870192823,0.00142752497253042,0.00499633740385646,0.720082299823096,0.00301326888660911,0.000320414083883532,0.00490276743264093,0.762464879582326,0.00795548275590119,0.00526057060272157,78.690490376676,5,3,6,246
0.00571009989012167,0.00571009989012167,0.00606698113325427,0.515151515151515,0.00597709006443756,0.00643638495390423,0.00828540559738252,0.571788864637539,0.0144212108815274,0.0148113343505159,53.4618142289148,3,3,6,246
0.00606698113325427,0.00356881243132604,0.00678074361951948,0.588035237560664,0.00603664769048632,0.00515773575524641,0.00871810134546506,0.609293301318982,0.0149527510627872,0.0140179913355011,64.4249265615122,3,4,6,246
0.000713762486265208,0.00678074361951948,0.00142752497253042,0.340502612303499,0.000292501490237065,0.00474915302006225,0.00115885908960862,0.395751237517487,0.00145242171164839,0.0059051134033565,12.9900138492241,2,2,6,246
0.00392569367445865,0.000713762486265208,0.000713762486265208,0.277350098112615,0.00423053150654375,0.000761614958414968,0.00068363144053063,0.256522995957367,0.00497170823227751,0.00144699677114048,5.28130922017618,2,3,6,246
0.00142752497253042,0.00356881243132604,0.00713762486265208,0.74535599249993,0.00263902972855447,0.00457411791623554,0.00556253693319246,0.610066487022708,0.00850481703731756,0.0102310179447104,54.4083001820979,2,4,6,246
0.00428257491759125,0.00678074361951948,0.00107064372939781,0.165144564768954,0.00419071532163616,0.00544035703985554,0.00170646338350773,0.262856302537465,0.00594340067315496,0.00718715127536559,9.29328831763951,2,4,6,246
0.00571009989012167,0.00713762486265208,0.00178440621566302,0.218217890235992,0.00364078238580522,0.00894139910119575,0.00277681298624606,0.320206238548201,0.0064818581184359,0.0116108341807128,17.7965450936438,4,3,6,246
0.0157796289246795,0.0142016660322116,0.00788981446233977,0.345032779671177,0.0146722342059975,0.0131392856955738,0.00217025663206769,0.135153354159166,0.0171366150542763,0.0153710726796609,1.86215013573508,2,3,7,249
0.00394490723116988,0.00867879590857374,0.00788981446233977,0.563436169819011,0.00160386852945041,0.00407706098050183,0.00567965393911634,0.6737508638912,0.00740399639250944,0.00981799152358065,49.4918613139229,3,5,7,249
0.0149906474784456,0.00315592578493591,0.00552287012363784,0.413918677192358,0.00966957517373275,0.0043813010446539,0.00471889974446659,0.412389767928625,0.0146086829795585,0.00920142455474983,17.6505153340312,4,4,7,249
0.0142016660322116,0.00788981446233977,0.00867879590857374,0.445742494160209,0.0214842146982927,0.00463657522543382,0.00601687726133873,0.351520774604519,0.0267921259826264,0.0106666767567656,16.2039086228306,3,2,7,249
0.0134126845859776,0.00473388867740386,0.0157796289246795,0.644825880219161,0.0111586297337008,0.00938390890099194,0.0136321421059641,0.570694483851908,0.0254047309433046,0.0230807950182191,54.4220749104554,2,4,7,249
0.0110457402472757,0.0126237031397436,0.00631185156987181,0.348155311911396,0.00943705275847994,0.00934571272728693,0.00620401762755823,0.397812437144323,0.0153721177168504,0.0150833601230367,17.3278292711032,5,2,7,249
0.0110457402472757,0.00236694433870193,0.00788981446233977,0.566138517072298,0.0103320854548572,0.00205624205704216,0.00883438976118812,0.611475262098602,0.0189284343485032,0.0107664702237423,42.2270158189995,4,5,7,249
0.0110457402472757,0.0149906474784456,0.0102567588010417,0.442268981335852,0.0106954391908021,0.0147667279424442,0.0112201365168006,0.470159004940039,0.0216695391258181,0.0261623955090288,33.3937302252064,4,4,7,249
0.0110457402472757,0.0102567588010417,0.00710083301610579,0.400098802026948,0.0134228332164147,0.0216239038276438,0.00573915571601275,0.250637117972298,0.0190605536465751,0.0272247002504357,9.45361449513297,3,3,7,249
0.0149906474784456,0.0110457402472757,0.0102567588010417,0.442268981335852,0.0220144849843635,0.00966127588136872,0.010067591238944,0.400168838877191,0.0324716437948242,0.0195364269337499,25.5523158131588,5,2,7,249
0.005364556048728,0.00849388041048599,0.00759978773569799,0.526136791501647,0.00671334331088183,0.0102677419828412,0.00883389172033335,0.512613728916954,0.0157214856852103,0.0190317117889455,42.622751939251,2,3,8,332
0.004023417036546,0.005364556048728,0.007152741398304,0.604743156814764,0.00389462774131095,0.00413195798708781,0.00840276594009019,0.676796869986145,0.0121684079420021,0.0125436469962509,79.1301862360186,2,3,8,332
0.00447046337394,0.00894092674787999,0.00223523168697,0.258198889747161,0.00329169220868418,0.0105255188095803,0.000341942331227438,0.0544149453928119,0.00363251165557674,0.0108629266481629,0.899538771712798,5,4,8,332
0.003576370699152,0.00447046337394,0.00849388041048599,0.67900460539727,0.00227024844569871,0.00188786093466505,0.00898167225287727,0.812154070895396,0.0113459910975416,0.0106828382575047,107.853526382969,4,3,8,332
0.00849388041048599,0.002682278024364,0.00804683407309199,0.604040449692622,0.00803314911078888,0.00311136093208914,0.0091039197887673,0.629228558119751,0.016990276415847,0.0119087585413573,68.651830054233,5,4,8,332
0.00447046337394,0.00670569506090999,0.000894092674787999,0.140028008402801,0.00646247956524207,0.0098239369796195,0.00148480833810121,0.156622341652383,0.00797554526688065,0.0113479360457487,5.56403708536379,4,4,8,332
0.00849388041048599,0.00894092674787999,0.001788185349576,0.17025130615175,0.008186078874605,0.00866849372484557,0.000666772883269896,0.0733454150610081,0.00884974735304798,0.00921528293126693,1.13847345116864,5,2,8,332
0.00804683407309199,0.004023417036546,0.001788185349576,0.236524958395633,0.00821233650384325,0.00326336434915896,0.000367045338798888,0.065767888025962,0.00859076415148284,0.00363219384180854,1.43268346469057,3,4,8,332
0.003129324361758,0.004917509711334,0.000894092674787999,0.18490006540841,0.00232198688617483,0.00473181634150038,0.00131435704496026,0.280311284988352,0.00365292599633081,0.00609689651371516,10.5741383528328,4,3,8,332
0.00223523168697,0.003576370699152,0.00849388041048599,0.746390491252467,0.00133760000969343,0.00183978247285576,0.0122341624458322,0.885213838199341,0.0137640241476851,0.0142245109666194,169.0637663044,5,5,8,332
0.00143689493418815,0.00328433127814433,0.00164216563907217,0.421637021355784,0.00217260361355137,0.00419138281365505,0.0012198972201828,0.284716905957033,0.00342477240738704,0.00552533372342988,21.8322248438889,5,4,9,274
0.00143689493418815,0.00410541409768042,0.0039001433927964,0.596670578370261,0.00177087919290546,0.00386949206402983,0.00338648674110732,0.553588937853942,0.0052104139150868,0.00718405254856557,43.6086091673014,2,4,9,274
0.000615812114652062,0.00143689493418815,0.00287378986837629,0.740958573634948,0,0.00128434965291466,0.00230708630890702,0.801489537373705,0.00232768780731803,0.00369693067706857,72.428451292887,5,4,9,274
0.00369487268791237,0.00328433127814433,0.00164216563907217,0.320256307610174,0.00328876805150805,0.00316600800797442,0.0022264065673923,0.408256589974747,0.00551862949736324,0.00529108854068546,21.7630061085546,5,2,9,274
0.00123162422930412,0.000615812114652062,0.000821082819536083,0.478091443733757,0.00063000508768734,0.00042256043106062,0.000831626745743541,0.614226109561352,0.00146265768463918,0.00126483620379131,22.7599378737102,4,2,9,274
0.000410541409768042,0.000821082819536083,0.00164216563907217,0.730296743340222,0.000210533434231086,0.000624593364796981,0.00290260651036926,0.875938888458165,0.00313365430893638,0.00357875667726725,95.7618352672434,2,2,9,274
0.0039001433927964,0.00225797775372423,0.000821082819536083,0.215352760823266,0.00276506245449015,0.00228214302674485,0.000222723971773244,0.0814141423513816,0.00297002291064522,0.00247772640743763,1.01146864457377,2,2,9,274
0.0010263535244201,0.00348960198302835,0.00164216563907217,0.443760156980183,0.000762286419776382,0.00341188753684046,0.00138244810753042,0.431119680849979,0.00214082891056022,0.00472692309261544,22.1635399382495,2,2,9,274
0.00246324845860825,0.00348960198302835,0.00246324845860825,0.454858826147342,0.00266519523193312,0.00279005649331479,0.00296524328465676,0.520901065695153,0.00562571221412012,0.00578253121665597,49.8684907545396,3,4,9,274
0.000410541409768042,0.00369487268791237,0.00328433127814433,0.646761666763555,0.00023817131152579,0.00238325503350967,0.00514376258027744,0.808165429935887,0.00548234270060077,0.00750435599001304,107.225425721676,2,3,9,274
0.0235636012560124,0.0152470361068316,0.009702659340711,0.336787657027282,0.0248823538007675,0.00821890822817255,0.00954519510707218,0.385975832475433,0.0344096007612153,0.0177708399124251,12.0230603055576,5,5,10,163
0.0110887535322412,0.0207914128729522,0.0180192244898919,0.53611096424751,0.0142553256749759,0.0149540366212346,0.0170448714505341,0.538582967008351,0.0310636530083509,0.0309147376231182,23.5313859165383,4,2,10,163
0.0180192244898919,0.00415828257459043,0.0249496954475426,0.705475621502659,0.0157864991734815,0.000809130445069532,0.0228606908136741,0.755845270062985,0.0429958013474492,0.0241413657276423,52.0219598647138,2,4,10,163
0.0166331302983617,0.00415828257459043,0.0249496954475426,0.717137165600636,0.0262326984008231,0.0029928247049922,0.0151447773662578,0.552829184877619,0.0417694283344894,0.017915895626912,26.4009495080672,5,3,10,163
0.0207914128729522,0.0166331302983617,0.0138609419153014,0.426401432711221,0.0175192633248276,0.0121632259895545,0.0152966838397723,0.509571658456835,0.0320700666815138,0.0275317833205178,19.4398431032511,2,3,10,163
0.0110887535322412,0.0124748477237713,0.0124748477237713,0.514495755427527,0.00923734804289796,0.0045304187893776,0.0146105337849597,0.683847720723701,0.0240217598707844,0.0191883236384173,39.0215232518475,5,5,10,163
0.00831656514918086,0.009702659340711,0.00831656514918086,0.480384461415261,0.00921708564872117,0.00757510203918142,0.00857682711624517,0.505916363965158,0.0179809833924616,0.0160245307926523,18.0595748175014,3,5,10,163
0.0124748477237713,0.0166331302983617,0.0277218838306029,0.656532164298613,0.00382657616060348,0.0144470573267699,0.0218123797392262,0.715389157290423,0.0256105582846286,0.0341806360506527,57.6027166745097,5,5,10,163
0.0277218838306029,0.00831656514918086,0.0152470361068316,0.479167526055935,0.0301375243153433,0.0172340931816317,0.0113633659316289,0.329848536888994,0.0416546046564888,0.0287331459781223,9.8530153387706,4,3,10,163
0.0207914128729522,0.00693047095765072,0.0180192244898919,0.579066024143586,0.0216843999951003,0.0100079224112243,0.0196486698686418,0.561207803893076,0.0405570090131674,0.029744561017453,33.4642275353647,5,4,10,163
0.00106366311438044,0.00159549467157066,0.000638197868628264,0.327326835353989,0.00146609357727952,0.00141516388640573,0.000688128165198566,0.323276653107924,0.00213329036028356,0.00207936469171876,19.0649090142161,2,4,11,515
0.00106366311438044,0.00212732622876088,0.00159549467157066,0.50709255283711,0.00112880139743117,0.0029363104248517,0.00228953218478476,0.541703160361316,0.00346527403905561,0.00543462718568136,87.6163145628714,5,3,11,515
0.000957296802942396,0.000212732622876088,0.000212732622876088,0.301511344577764,0.00119334444950167,0,0.000321593080884299,0.460740071923529,0.00152039153844819,0.000322692716688198,22.7582902447875,5,2,11,515
0.00202095991732284,0.00127639573725653,0.00212732622876088,0.566138517072298,0.00230353045382351,0.000982814589276952,0.00297036872958373,0.650535461411411,0.00534900591604473,0.00395249778265544,101.392250886273,2,4,11,515
0.000638197868628264,0.0017018609830087,0.00148912836013262,0.571547606649408,0.000543858125776324,0.00250323588290454,0.000983978839309231,0.426292711619049,0.00152234389698333,0.00347930066426494,33.7459286671199,4,4,11,515
0.00053183155719022,0.00117002942581848,0.00180822729444675,0.684949519421573,0.00033691263025174,0.00161472510486329,0.00168889096050061,0.65284210767933,0.00199659971539554,0.00334142711771473,79.7627309014279,3,4,11,515
0.000425465245752176,0.000425465245752176,0.00212732622876088,0.833333333333333,0.000325628888747363,0.000453860116260389,0.00195438809959893,0.834048190451797,0.00219932091713766,0.00244239354872618,113.612027324541,2,5,11,515
0.000319098934314132,0.00106366311438044,0.00191459360588479,0.74230748895809,0.000492378982065467,0.00142248884328049,0.00225906006001053,0.709794357710105,0.0027444949835865,0.00366538748322484,121.851271786604,5,5,11,515
0.00212732622876088,0.000319098934314132,0.000957296802942396,0.482450640677008,0.00336857007920043,0.000285180551879517,0.00112741972859492,0.447366363291295,0.00448074347378571,0.0014122971964074,42.2819882581243,4,3,11,515
0.00148912836013262,0.000212732622876088,0.000744564180066308,0.509175077217316,0.00130178938379525,0,0.000427546579604612,0.497223941166356,0.00173848115515711,0.000428189413398887,34.6815534120291,5,3,11,515
0.00341611603908023,0.0102483481172407,0.00204966962344814,0.25,0.00210425940126616,0.00978735963326465,0.00217932082848185,0.304390342691521,0.00425409912554822,0.011700136790728,7.06025300438,2,2,12,293
0.00341611603908023,0.0136644641563209,0.00546578566252836,0.419313934688767,0.00231148245009432,0.0144834892914601,0.00271086177414275,0.291716665803979,0.00500846292638784,0.0170428169402817,8.67173090468737,3,4,12,293
0.00204966962344814,0.0075154552859765,0.00136644641563209,0.248069469178417,0.003473400075037,0.00799869055055524,0.00150736110270533,0.219063166062057,0.00493553111771784,0.00932092884316582,5.14688919103614,2,3,12,293
0.00204966962344814,0.00546578566252836,0.0122980177406888,0.770328886519643,0.00029268599628648,0.00873356587815282,0.0170787018141274,0.806537412983373,0.0169065052654776,0.0229904422463246,101.410314201194,5,4,12,293
0.00478256245471232,0.00204966962344814,0.00546578566252836,0.622799155329218,0.00558835708286113,0.00250069611196135,0.00494918588262886,0.558585154680647,0.0103432273726701,0.00729461959658953,31.3468456868065,2,2,12,293
0.00683223207816045,0.00614900887034441,0.00478256245471232,0.424437343813583,0.0079870590994209,0.0082781479328447,0.00494608636602913,0.378202457730225,0.013005837420794,0.0130644082951154,18.6739502883185,5,5,12,293
0.0102483481172407,0.00204966962344814,0.00409933924689627,0.436435780471985,0.0119956688039551,0.000585721121028294,0.00649518062414345,0.56763415277215,0.0187105748930073,0.00708551439888899,36.3198589416199,3,3,12,293
0.00956512490942464,0.00341611603908023,0.00273289283126418,0.314269680527354,0.00732656586530148,0.00647291000859179,0.00195942185813836,0.221431830709929,0.00933081855479843,0.00845567186735885,11.2011525286983,3,4,12,293
0.00478256245471232,0.0122980177406888,0.00614900887034441,0.433012701892219,0.00906515213422448,0.0154004982147799,0.00928066726267721,0.436141902296025,0.0181917231906523,0.0249673535155455,32.2707971646067,2,3,12,293
0.0129812409485049,0.00136644641563209,0.0075154552859765,0.557006651896017,0.0123248967832265,0.0014541442212117,0.00271889880014649,0.343153079190668,0.0152788820579677,0.00418654862174419,13.5992601977634,3,3,12,293
0.00257721438908275,0.00143178577171264,0.00200450008039769,0.505181485540923,0.00215719666353884,0.00108324648127215,0.00206272404293475,0.566124122898864,0.00429579055270273,0.00315671678050097,60.4295288151168,4,4,13,372
0.00128860719454137,0.00200450008039769,0.000286357154342527,0.150755672288882,0.001652896114643,0.00171179966631705,0.000496747946581941,0.227981401802097,0.00208388321851349,0.00220465323627025,9.64800378049284,3,5,13,372
0.00171814292605516,0.0015749643488839,0.00229085723474022,0.581914373962646,0.000801585562119169,0.00221200406270511,0.00214861096791733,0.599043611064797,0.00293987420789894,0.0041815335821949,51.8344410469427,2,2,13,372
0.00128860719454137,0.00243403581191148,0.00100225004019885,0.35721725415588,0.00183943976810222,0.00277996393613799,0.000831609614358738,0.267750512669454,0.00268158912884895,0.00360534373778913,17.142077995121,4,5,13,372
0.000572714308685055,0.00200450008039769,0.00200450008039769,0.623609564462324,0.000674862674615381,0.00191215897590638,0.00315666224103151,0.71628985746333,0.00380476037239458,0.00486830624679245,83.0525622968005,3,2,13,372
0.00243403581191148,0.00186132150322643,0.0015749643488839,0.424334212395753,0.0032782898303911,0.00247058541939236,0.000878079491649146,0.235364480506608,0.0041906073747486,0.00334827196080629,10.1549458029783,3,3,13,372
0.000715892885856318,0.000286357154342527,0.000429535731513791,0.474341649025257,0.000275041884305237,0.000294276291769278,0.00103950176379372,0.78504751133602,0.00130848276154755,0.00132926951934672,65.2940259018163,4,2,13,372
0.000286357154342527,0.000859071463027582,0.000286357154342527,0.353553390593274,0.000440088718184712,0.00118045540703864,0.000429506607604715,0.362997334844371,0.000870278006254522,0.00160802260232669,15.5591087740409,4,5,13,372
0.00200450008039769,0.000286357154342527,0.00128860719454137,0.565825152115738,0.00119108623455836,0.000289413036869732,0.00131434086546444,0.655689550898918,0.00252357765436664,0.00160897263386589,53.2000210578946,4,5,13,372
0.000859071463027582,0.000859071463027582,0.00171814292605516,0.666666666666667,0.000712542752557823,0.000907514796811116,0.00198951165794557,0.711087775732258,0.00270516129023299,0.00296646109025542,76.9303368749586,3,2,13,372
0.00374569476541481,0.000499425968721974,0.00224741685924888,0.553911709406997,0.00363927531913173,0,0.00125716892643665,0.506706426169115,0.00496284148020487,0.00126087925915179,32.6493212314277,4,5,14,340
0.00399540774977579,0.00174799089052691,0.0019977038748879,0.421637021355784,0.0044565137589497,0.00075292250793684,0.00212974943625498,0.488777674153978,0.00656136186677369,0.00288120239760738,37.057106403022,5,2,14,340
0.0019977038748879,0.00224741685924888,0.000998851937443948,0.320256307610174,0.00402695735231747,0.00300791136997512,0.00176923538314674,0.336224932991478,0.00578770833057856,0.00476355339293064,19.8580588556172,4,3,14,340
0.000749138953082961,0.00149827790616592,0.00149827790616592,0.577350269189626,0.00076169667501702,0.000502427729560309,0.00103355683414622,0.62241212621932,0.00181345796644288,0.00154676399584558,36.283288641404,2,2,14,340
0.00424512073413678,0.00274684282797086,0.00424512073413678,0.55097316501934,0.00306893012881407,0.00276123902190875,0.00353430200265742,0.548161898242837,0.00663743825650709,0.00632864098697285,51.8097691016403,2,4,14,340
0.00399540774977579,0.00499425968721974,0.00499425968721974,0.52704627669473,0.00487125040924542,0.00487864504883422,0.00458768238923253,0.484821099640336,0.00972552874071022,0.00959756744930353,52.0927641759099,2,5,14,340
0.00249712984360987,0.00374569476541481,0.00374569476541481,0.547722557505166,0.00296477814422205,0.00346448924739386,0.0054598860729877,0.629677778759123,0.00840861346694128,0.00893131632407073,73.9419065856731,4,4,14,340
0.00499425968721974,0.00299655581233185,0.00499425968721974,0.559016994374947,0.00320205340552253,0.00243339994196,0.00339864411607859,0.547772690645197,0.00651259794827138,0.00584579535260634,47.8405510198653,3,3,14,340
0.00349598178105382,0.00424512073413678,0.00224741685924888,0.368037369049289,0.00243815315057961,0.00378723353922267,0.00361726889928052,0.540207544464076,0.0061251601195244,0.00741129277501408,52.2931505025235,3,5,14,340
0.00249712984360987,0.00299655581233185,0.00224741685924888,0.450563556889583,0.0021920414367175,0.00230218172566955,0.00370642297799619,0.622585040271564,0.00602922173855844,0.00604908118147025,62.7023450745584,2,5,14,340
0.0130315317051271,0.0325788292628177,0.0325788292628177,0.597614304667197,0.0117068439656047,0.0155133539160614,0.0116780448073368,0.463112719167355,0.0237442903056504,0.0292408897016093,14.8214389076344,5,2,15,100
0.0347507512136722,0.00434384390170903,0.0390945951153812,0.690268489962633,0.0303960332603853,0.000155069189531331,0.0561998046791676,0.804489825055212,0.103973388033465,0.0568932209290656,35.4245636903277,2,4,15,100
0.0195472975576906,0.0195472975576906,0.00434384390170903,0.181818181818182,0.0181136217315411,0.026118798968437,0.0075139552036925,0.255937316531035,0.0257328026096829,0.0340709072422373,5.78226563497029,5,5,15,100
0.0390945951153812,0.0238911414593996,0.0325788292628177,0.512091556499189,0.0190506794899269,0.0328487930329121,0.0397134901957947,0.608171808181398,0.0590717522317926,0.0745479244305943,22.8125223388237,4,4,15,100
0.0238911414593996,0.0434384390170903,0.0173753756068361,0.346843987809648,0.0189724399298504,0.0569091346236976,0.0135703576575609,0.283356035836163,0.0323948724905048,0.0696174190749262,4.11397645808574,3,3,15,100
0.0108596097542726,0.0130315317051271,0.0434384390170903,0.784464540552736,0.0230313821375679,0.00973193697604282,0.0201817095294317,0.561326574396583,0.0408686332317388,0.0293926758953497,13.374748678163,2,4,15,100
0.0282349853611087,0.0238911414593996,0.0325788292628177,0.555936987495826,0.01029405722432,0.0381271803880678,0.0360216343619663,0.614677378305418,0.0469760521352182,0.0817875350184026,18.4161127550571,2,2,15,100
0.00651576585256354,0.0217192195085451,0.0173753756068361,0.568535243614961,0.00645366576862121,0.0251853867794039,0.0198691800014134,0.576957888370577,0.027605880351917,0.0444828978842809,21.32221431354,2,5,15,100
0.00434384390170903,0.0412665170662358,0.0217192195085451,0.536056267418897,0.00217962165947428,0.0500735722832006,0.0173260799217077,0.477849017957568,0.0195918779769389,0.0691315119519645,19.3062614546896,2,5,15,100
0.0173753756068361,0.0195472975576906,0.0108596097542726,0.370624658330551,0.0134236760160929,0.024594049679736,0.0121272836367905,0.395913860518784,0.0269578699338548,0.0397262824566144,8.65032783601129,3,2,15,100
0.00680078048449182,0.0111285498837139,0.0123650554263488,0.582716546748065,0.00374948327905909,0.0163412068195457,0.0117266511692445,0.562649742186296,0.0161201035139695,0.0285751875611865,12.7205321143955,3,4,16,102
0.00494602217053951,0.00865553879844414,0.00556427494185695,0.455149563681756,0.00776832944720274,0.0136803562979501,0.000830134766245108,0.0743185287457146,0.00860702457930862,0.0144365564526335,0.19761279360813,2,3,16,102
0.0080372860271267,0.00927379156976158,0.00927379156976158,0.517549169506766,0.00955975281294428,0.00721641887374393,0.010270093997551,0.551522370825585,0.0206593210546476,0.0176482341644602,20.038999940446,4,3,16,102
0.00247301108526975,0.00741903325580926,0.00741903325580926,0.612372435695795,0.00512365384316421,0.00550232893313202,0.00890447774577427,0.626360948444391,0.0136382499636378,0.0145295415842817,25.1082405522497,2,2,16,102
0.00370951662790463,0.00680078048449182,0.00494602217053951,0.490511471587973,0.00343397152860284,0.0121795395117995,0.00417370957458776,0.374191613638493,0.00753422861110052,0.0165991843350339,8.30351040553307,3,3,16,102
0.00865553879844414,0.00494602217053951,0.00680078048449182,0.504714614515236,0.0164354099624702,0.00616340739872759,0.00383102809494022,0.269182913516557,0.0200432577580505,0.0101995612410921,4.65367753126907,3,3,16,102
0.00865553879844414,0.00989204434107902,0.00927379156976158,0.500278009473803,0.0100091117386758,0.0100879715469472,0.0126972502729499,0.558224984992753,0.0232090987755995,0.0234168245149306,22.1384558927779,5,4,16,102
0.00989204434107902,0.00247301108526975,0.00741903325580926,0.566946709513841,0.0134448384236597,0.0037880416089882,0.00731849064002892,0.481929806332797,0.0212402090445276,0.0110086572330759,10.5413732515542,3,5,16,102
0.00185475831395232,0.00741903325580926,0.0105102971123965,0.70588657875679,0.00322152918440898,0.00749657823921449,0.0118131865470733,0.693315580193303,0.0148051647610373,0.0192976805052089,36.6228695640489,5,5,16,102
0.00927379156976158,0.00927379156976158,0.00247301108526975,0.210526315789474,0.00605122066819857,0.0134984185345312,0.00125453003020633,0.120839584525239,0.00724262379428688,0.0145858984274994,0.89043115847079,2,4,16,102
0.0220068460329493,0.0293424613772658,0.00733561534431645,0.223606797749979,0.00313365635177458,0.0252670891398419,0.0150822042616345,0.556316580853959,0.0178829267611273,0.0358424898575937,13.1143498313229,4,3,17,102
0.0205397229640861,0.0249410921706759,0.0220068460329493,0.49239912322396,0.0184755238635619,0.0199274493326636,0.0236174160212037,0.551644476724737,0.0417955951079619,0.0435707250356581,21.4844389888646,5,3,17,102
0.00733561534431645,0.0293424613772658,0.00733561534431645,0.316227766016838,0.0103899971159403,0.0338592787283913,0.00413982032428753,0.176183309489236,0.0144889070556135,0.0378709161085778,3.20299493714106,4,4,17,102
0.0205397229640861,0.0264082152395392,0.00440136920658987,0.158776837207489,0.0208861728394465,0.0189781034650117,0.0147085166205611,0.424763853469781,0.0356105524235585,0.0336772476223045,13.0032041988426,5,5,17,102
0.00880273841317974,0.010269861482043,0.0205397229640861,0.683130051063973,0.000391265354388594,0.0176546549544322,0.0310078285193256,0.793260193212517,0.0309745405109833,0.0445729121467577,49.7211674119488,4,4,17,102
0.0293424613772658,0.0205397229640861,0.0278753383084025,0.529619939671157,0.00750138102279441,0.0163153869850526,0.0315194063020822,0.729555042948535,0.0395300547167162,0.0554523063744313,35.7741729854165,5,2,17,102
0.0249410921706759,0.00293424613772658,0.0293424613772658,0.700999637232782,0.0359368710895217,0.00321106498592593,0.0181012180066202,0.533387483509181,0.0524325149347803,0.0213469541991976,14.740133108717,3,4,17,102
0.0220068460329493,0.0264082152395392,0.0234739691018126,0.492832882906958,0.0323227394542816,0.0226839324920867,0.0479857401738904,0.636964100769201,0.0827908223997402,0.0706856577366445,15.4528383320559,2,5,17,102
0.0234739691018126,0.0234739691018126,0.0264082152395392,0.529411764705882,0.020456208923134,0.0196080377904567,0.0513202992808227,0.719263675539759,0.0735562983700144,0.0709533802858825,26.1684935117652,2,3,17,102
0.0117369845509063,0.00293424613772658,0.0132041076197696,0.658145181714418,0.0115564380781767,0.00145045413574934,0.0109149299560409,0.654790532360469,0.0225006455341407,0.0124123542160398,25.9563456020887,5,4,17,102
0.0133014684783126,0.00469463593352209,0.0101717111892979,0.544510080779204,0.0123935550189486,0.00166963944650586,0.0116268607833675,0.650584240975308,0.0240138500090172,0.0132453543741257,46.8063431725672,2,5,18,197
0.0101717111892979,0.0101717111892979,0.0109541505115515,0.518518518518518,0.0113303609380649,0.00836295756848262,0.00912488764076279,0.482455203061968,0.0203365280625792,0.0176278279822293,30.5634369244857,3,3,18,197
0.0039121966112684,0.0109541505115515,0.00625951457802945,0.473049916791266,0.00510938700012268,0.00828901039325726,0.00657076071588603,0.498752889131295,0.0117141832734045,0.0149672310816235,34.205249422249,3,5,18,197
0.0148663471228199,0.0117365898338052,0.0140839078005663,0.515127426328928,0.0153730867625712,0.0120616093078829,0.0138244409355317,0.502853691752558,0.0283165361720329,0.025946781217479,30.9786514646387,2,5,18,197
0.00625951457802945,0.0101717111892979,0.0117365898338052,0.591082804679326,0.00249545337056235,0.0129065871786495,0.0143822266970613,0.670158337819479,0.0172552777937391,0.0275979224163369,54.585433096455,2,5,18,197
0.00469463593352209,0.0117365898338052,0.0140839078005663,0.639602149066831,0.00384918709628776,0.0145945144055698,0.0158295804725654,0.64693645370309,0.019717307755645,0.0300988588891188,40.4816735199644,5,2,18,197
0.00156487864450736,0.00860683254479049,0.00625951457802945,0.580381000088009,0.00223180514359802,0.0147848540927183,0.00258376425800842,0.282518197626671,0.00483174565493855,0.0175697091799923,8.08015497958152,3,2,18,197
0.00938927186704417,0.00782439322253681,0.0109541505115515,0.560448538317805,0.00799492971990349,0.00667274697327347,0.00902486742698928,0.552136951137558,0.0175199166345051,0.0158871967308808,38.9532738333792,3,5,18,197
0.00312975728901472,0.0117365898338052,0.00312975728901472,0.324442842261525,0.00319168352358311,0.0194734019248936,0.00577636976768757,0.383863808957872,0.00858120302001868,0.023968571543695,12.4428347401113,2,3,18,197
0.0133014684783126,0.0148663471228199,0.00704195390028313,0.333562192497496,0.0136582962631683,0.0128754325974059,0.0076156841588724,0.364755402374739,0.0213166630307782,0.0205742377126857,18.4635389607981,5,5,18,197
0.00967563295381129,0.00107507032820125,0.0107507032820125,0.691714463866075,0.0134412888164255,2.45717240978843e-07,0.0154442552881231,0.731206014172072,0.0314624585276737,0.0155910260694969,63.6177850558971,4,4,19,130
0.0102131681179119,0.00860056262561004,0.0107507032820125,0.533760512683624,0.0123048556884748,0.0136260043409513,0.0103169471945773,0.443301047546533,0.0226592398280086,0.0236659460743265,14.3876208171064,5,3,19,130
0.00698795713330816,0.00860056262561004,0.00430028131280502,0.356348322549899,0.000747880026988788,0.0065204246682076,0.00526363335633399,0.625383307649681,0.00602953092860976,0.0118215539465562,26.8420176062178,3,2,19,130
0.00806302746150941,0.00698795713330816,0.0102131681179119,0.576022109461291,0.0124520689773796,0.00580677690390571,0.0131806871690267,0.597457362120734,0.0256236649359531,0.0185535105169633,34.3425308546531,4,5,19,130
0.00645042196920753,0.00752549229740878,0.00268767582050314,0.278207442037329,0.00787801731667355,0.00855881402530498,0.00345897538261714,0.296337247707807,0.0113685589139352,0.0122510280229404,4.1436979584158,2,3,19,130
0.00537535164100627,0.00215014065640251,0.00860056262561004,0.701646415445623,0.00898097779156421,7.32441790764645e-07,0.0131138091604845,0.770384245117146,0.0208621426326699,0.0131141217109024,46.0676399518691,2,2,19,130
0.00430028131280502,0.00645042196920753,0.00483781647690565,0.476330511622467,0.00271425387639524,0.00927069238568039,0.00498460084545653,0.475805268910861,0.00770788717639611,0.0140080934633862,15.961469762515,3,3,19,130
0.00752549229740878,0.00322521098460376,0.00698795713330816,0.573964021394852,0.00846410641542502,0.00311535845936116,0.00710408852360431,0.563216716724911,0.0157928607684088,0.0104220163654469,25.804662692444,3,3,19,130
0.00107507032820125,0.00860056262561004,0.00752549229740878,0.639009650422694,0.00243903865238251,0.00884388622577704,0.00708680119966803,0.575282752716707,0.00948630077725406,0.0162380147016884,27.0727831795911,5,3,19,130
0.00860056262561004,0.0102131681179119,0.00483781647690565,0.340168025708305,0.0148789498642932,0.0108186005291582,0.000542436467626672,0.0409805878176037,0.0153975941782784,0.0112987847412661,0.0577739720785644,4,3,19,130
0.00201210251454246,0.00469490586726573,0.000670700838180819,0.176776695296637,0.00188719747976934,0.00586122678196502,0.000639257303582245,0.157741905927047,0.00243847489097607,0.00632041658209081,4.12990253126776,2,3,20,425
0.00268280335272328,0.00536560670544655,0.00335350419090409,0.462250163521024,0.00389960757309944,0.00509187921339017,0.00376875121829068,0.45720813180887,0.00769732077604477,0.00905284000701085,38.5198712292266,4,2,20,425
0.00603630754362737,0.00301815377181368,0.000670700838180819,0.134839972492648,0.00693449807816884,0.00384182380576371,0.000331951991917644,0.0602767147415967,0.00726221648317256,0.00415515389420966,2.16031712329482,5,2,20,425
0.00503025628635614,0.00469490586726573,0.00335350419090409,0.408248290463863,0.0031288265473516,0.00477635201229273,0.00655081985614304,0.625612136564629,0.00976023991478954,0.0115440733699583,79.4199510462469,2,2,20,425
0.0036888546099945,0.00570095712453696,0.00167675209545205,0.266500895444513,0.00384891856511053,0.00674857789800594,0.000930702454485274,0.153622159782193,0.00478444231653177,0.00771987841038209,7.84448771592088,5,3,20,425
0.00469490586726573,0.00167675209545205,0.00234745293363287,0.440958551844098,0.00489591988410269,0.00167278393683857,0.00256390850266093,0.456062785423468,0.00710447733803059,0.00416160755812472,25.372037986098,2,2,20,425
0.00603630754362737,0.00402420502908491,0.0036888546099945,0.425921700964301,0.00574481586140308,0.00307177989934398,0.0035157409957875,0.450129337183928,0.00914760881828467,0.00637640654005031,35.7694012177943,5,2,20,425
0.00100605125727123,0.00435955544817532,0.00134140167636164,0.366679398811285,0.00171122059967304,0.00453608471073219,0.00100612140695228,0.259260826697876,0.00271651906647515,0.00550223819232268,10.3788029680441,5,5,20,425
0.00268280335272328,0.00536560670544655,0.00100605125727123,0.207514339159822,0.00174308142854094,0.00614624572773272,0.000633734005247133,0.157868355174947,0.0023794270729197,0.00682008447221861,5.11484991164548,5,2,20,425
0.00435955544817532,0.00301815377181368,0.00234745293363287,0.391311896062463,0.00417713629854306,0.00345420421402287,0.00316825086908321,0.45425812714041,0.00732108899754767,0.00660203959950287,40.5245722333096,5,5,20,425
0.00256385683726484,0.00320482104658105,0.00640964209316211,0.690065559342354,0.00226366490211053,0.00495992658016123,0.0046510216449915,0.570530666349614,0.00688213550909014,0.00975784575697521,47.748289684163,3,2,21,275
0.006089159988504,0.00448674946521348,0.00384578525589727,0.422681972205808,0.00502890448469167,0.00481457426218315,0.00364584004063091,0.425572393737965,0.00862447394199614,0.00839585387727583,27.7833870062645,4,3,21,275
0.00512771367452969,0.00416626736055537,0.006089159988504,0.567733589433837,0.00503401590369371,0.00623483568035408,0.00497349936355446,0.469600319536649,0.00993984084918444,0.0112011331057068,37.3241498291345,3,5,21,275
0.00192289262794863,0.00512771367452969,0.00544819577918779,0.617060907344533,0.00273607575868805,0.00445130321880708,0.00345492005561542,0.49382515641492,0.00614727399620002,0.00754750167600958,29.0585071982078,2,2,21,275
0.00448674946521348,0.00544819577918779,0.00512771367452969,0.508513380930983,0.00497739565363664,0.00721930421240079,0.00410379245779446,0.404698360932278,0.00899846812846903,0.0112435903196685,29.0071605686971,5,4,21,275
0.00320482104658105,0.00256385683726484,0.00512771367452969,0.640512615220349,0.00135989154626992,0.00253690409678312,0.00606085293570792,0.758782704648067,0.00745093267308923,0.0085795226718375,67.7418266983276,3,2,21,275
0.00320482104658105,0.00256385683726484,0.00416626736055537,0.591520481751277,0.00265766374911683,0.0031498170496349,0.00380194373943481,0.567355424476298,0.0065609104375652,0.0069368185669653,44.4906273767243,3,3,21,275
0.00160241052329053,0.00224337473260674,0.0057686778838459,0.750651890605469,0.00170970447665961,0.00170900621580454,0.00610600161252263,0.781282499422545,0.00788696821226575,0.00795692713338941,86.4034537583556,5,4,21,275
0.00160241052329053,0.0057686778838459,0.000961446313974316,0.231455024943138,0.00104535515479986,0.00895016892240939,0.002571498016836,0.398348417316468,0.0036237749784078,0.0115892822068942,24.0336352235757,5,5,21,275
0.00160241052329053,0.00448674946521348,0.00256385683726484,0.473049916791266,0.000293340934971363,0.00545251162421707,0.00133325175405205,0.401303918091946,0.00163406781144778,0.00676300440046494,20.0470959178231,3,5,21,275
0.0121543306987881,0.0128692913281286,0.00714960629340478,0.363696483726654,0.0107807149124504,0.0120661629192921,0.00702125978811341,0.380896784899432,0.0179675075823515,0.0189005868514026,6.48618714449009,2,2,22,127
0.00786456692274526,0.00285984251736191,0.00929448818142622,0.643595902934838,0.00625927726835777,0.00265261019141416,0.0102651398936686,0.70260034402283,0.016035572150134,0.0129144172597906,34.0971275602515,2,2,22,127
0.00929448818142622,0.0100094488107667,0.0135842519574691,0.58468458215183,0.00235684873210764,0.0157214103518324,0.0121516509396083,0.604270925628114,0.0145404560940845,0.0285700212903041,32.6752969211909,5,4,22,127
0.00714960629340478,0.0064346456640643,0.0121543306987881,0.641623652681938,0.00881677376829569,0.00974701586029374,0.00899095511527772,0.492198494632441,0.0176836784694732,0.0198053476805453,18.5740982977303,4,2,22,127
0.00929448818142622,0.00786456692274526,0.0135842519574691,0.613222363149508,0.0107848033341399,0.00590206139284698,0.0116606327714345,0.587303413476933,0.0225975403593299,0.0173493346409389,28.865255295543,5,4,22,127
0.00214488188802143,0.0142992125868096,0.00428976377604287,0.392232270276368,0.00412833992626934,0.0143770895507106,0.00339878955821781,0.293828581039523,0.00756803758726367,0.0178449265610667,6.79134055826796,4,3,22,127
0.0135842519574691,0.0100094488107667,0.0107244094401072,0.477697316473862,0.0138921476953512,0.00589852731522946,0.0115719115315526,0.548642415359987,0.0242754119663878,0.0173065606859793,19.6332632789136,2,2,22,127
0.00714960629340478,0.00714960629340478,0.00714960629340478,0.5,0.00610772445444356,0.00599466426698053,0.00564111837535108,0.482469502439245,0.0113455297984444,0.0112121659490952,13.5827245994113,2,4,22,127
0.0114393700694477,0.00786456692274526,0.00857952755208574,0.47286624374346,0.00976511207825515,0.0120541746436391,0.00832881578754261,0.433693465946239,0.0174784032669701,0.0192907483358606,7.62931313924679,4,2,22,127
0.0114393700694477,0.00142992125868096,0.0107244094401072,0.653410262803548,0.00839637080599699,5.194684176237e-08,0.0148949568664133,0.799690146829297,0.0234625226454893,0.0144023659623877,69.0803642658065,5,3,22,127
0.00978450481016324,0.00326150160338775,0.0141331736146802,0.692902328155734,0.0107661537122751,1.02289409889498e-07,0.0200815219177044,0.806837328881064,0.0312599474442303,0.0208588520533916,73.948282412667,3,3,23,161
0.00543583600564624,0.0119588392124217,0.00543583600564624,0.395284707521047,0.00358015345099356,0.0119753193487892,0.00435499618446348,0.382571778887025,0.00808404505185911,0.0164295314132067,10.8523217885009,2,5,23,161
0.00869733760903399,0.0206561768214557,0.017394675218068,0.552052447473883,0.00942404581098159,0.0258788819011237,0.00905465875922402,0.356381395418399,0.018618727196138,0.0359541948600306,16.2078023589021,5,3,23,161
0.00543583600564624,0.00652300320677549,0.00978450481016324,0.621059003408119,0.00481506185823025,0.00858852193435237,0.00880332990776306,0.572019919029353,0.0132625548139996,0.0163312274866814,24.9909311716452,4,5,23,161
0.013046006413551,0.00543583600564624,0.00978450481016324,0.524890659167824,0.0116749664723301,0.00465581841444968,0.0123031900362703,0.610112058481706,0.0238803229464739,0.0165242713366759,37.4445994263396,5,3,23,161
0.00869733760903399,0.00326150160338775,0.013046006413551,0.692820323027551,0.0102560822902133,0.00153702161058916,0.0163206059213863,0.74915894174485,0.0253552867261546,0.017812402656207,54.0634534112675,3,4,23,161
0.00761017040790474,0.0206561768214557,0.017394675218068,0.563925901480193,0.00478866683290901,0.0206827476444286,0.0219425398744184,0.650045795174635,0.0265112310839783,0.0406217400452444,41.6900689644336,3,3,23,161
0.0108716720112925,0.00543583600564624,0.0108716720112925,0.577350269189626,0.0121720407557127,0.00406661846507405,0.00733386327196232,0.491799593955162,0.0194320840536022,0.0114849927372487,21.5584555676185,3,4,23,161
0.00543583600564624,0.00978450481016324,0.0195690096203265,0.722315118514615,0.00287363557093964,0.000976305088046389,0.0225483058792098,0.922036971278729,0.0208292922845167,0.0227311019728347,74.3188054015436,2,5,23,161
0.00869733760903399,0.0141331736146802,0.00978450481016324,0.465378920995517,0.0149773795945483,0.0131548952164421,0.0078564242169581,0.358681626398513,0.0228854835937587,0.0210633807822587,14.5144057656215,5,3,23,161
0.00428989191698388,0.000919262553639404,0.00245136680970508,0.51425947722658,0.00534871006387006,0.000237869872792081,0.0022482358037469,0.517323909891174,0.00731873555328877,0.00248148980588225,34.5687198255569,2,4,24,458
0.00275778766091821,0.00612841702426269,0.00214494595849194,0.336787657027282,0.00360284810165267,0.00691388587008614,0.000773645164141976,0.133378319719132,0.00437802806678748,0.00770895278760179,4.52320420410223,4,3,24,458
0.00275778766091821,0.00551557532183642,0.00490273361941015,0.548795472456028,0.00558617334871558,0.00770576598282293,0.0064261380486284,0.493215163596223,0.0121138325552159,0.0141955087160498,66.7206069920786,4,4,24,458
0.00520915447062329,0.00428989191698388,0.00428989191698388,0.475190963311491,0.00741944341304111,0.00456960699287014,0.00565950599660871,0.489297623680044,0.0132280454216949,0.0102387181406691,72.2965982750236,4,3,24,458
0.00490273361941015,0.00582199617304956,0.00398347106577075,0.426745906794098,0.00489512037429499,0.00629504152687903,0.00410555128188872,0.424331209131,0.00896466075625487,0.0103619330949757,40.6743269567949,4,4,24,458
0.00582199617304956,0.00214494595849194,0.00490273361941015,0.563925901480193,0.00663095318608899,0.00150451447757731,0.00510897659169981,0.579810101674511,0.0119813573080312,0.00665242052204222,78.6200826732567,3,5,24,458
0.00582199617304956,0.00398347106577075,0.00459631276819702,0.486152792664123,0.00378416317950403,0.00436607036819598,0.00395502743134583,0.492846203290741,0.00764684980428087,0.00836064274462808,52.3333442061545,2,2,24,458
0.00183852510727881,0.00337062936334448,0.00428989191698388,0.626099033699941,0.0033015494856885,0.00318300807929768,0.0054921683015993,0.62880852151827,0.00868461994927151,0.00867632492434135,79.3790984796229,4,2,24,458
0.00582199617304956,0.00490273361941015,0.00612841702426269,0.533760512683624,0.00516138036982911,0.00354239848000847,0.00771761697406115,0.640874070550008,0.0128765943140985,0.0117751773077137,105.167039315756,5,3,24,458
0.00520915447062329,0.00275778766091821,0.00490273361941015,0.557048499058233,0.00460533671065889,0.00254943969427016,0.00313727799283707,0.472800954664264,0.00776879211751007,0.00570456371428285,42.9577726838481,3,3,24,458
0.0084598732214448,0.0296095562750568,0.0380694294965016,0.678400525299968,0.00672074743240939,0.0204431514975343,0.0456903068865554,0.776071991188247,0.0531966920138905,0.067487767646316,34.9490514632641,3,2,25,101
0.0169197464428896,0.0169197464428896,0.0232646513589732,0.578947368421053,0.0226937744926813,0.0144080705487275,0.0177581480915802,0.492298015265841,0.0416296803557267,0.0325082100051301,20.8401868814405,4,5,25,101
0.0063449049160836,0.042299366107224,0.042299366107224,0.659380473395787,0.0134000176341824,0.0396551117620954,0.0362152430398949,0.590265918154763,0.0491086113504694,0.07400748825438,19.6199102959682,5,4,25,101
0.0063449049160836,0.0380694294965016,0.031724524580418,0.615457454896664,0.00642576890586344,0.0208045912374819,0.0207860414616288,0.617867437336574,0.0260342757924596,0.0425772289524079,22.4748962839768,4,3,25,101
0.0274945879696956,0.0274945879696956,0.0253796196643344,0.48,0.024396519257851,0.0196691057593463,0.0275102870100598,0.555912953386841,0.0521297993555952,0.0466853465493328,20.6762405703949,4,5,25,101
0.0063449049160836,0.0296095562750568,0.0253796196643344,0.6076436202502,0.00574168459677231,0.029941144397367,0.0312558057906437,0.656870377400316,0.0376575622845343,0.0634238786511092,30.9986993389681,3,3,25,101
0.042299366107224,0.0296095562750568,0.0274945879696956,0.435516386612325,0.0419905656338858,0.0241368666979461,0.0225203120944433,0.410486323478012,0.0691864234137048,0.0469750732693778,6.67035032889476,2,5,25,101
0.0253796196643344,0.0190347147482508,0.0126898098321672,0.365148371670111,0.0333551598286975,0.0109768908109874,0.00716212070180052,0.264188971053024,0.0414773746405006,0.0181800980790062,3.96828373712211,3,5,25,101
0.031724524580418,0.0042299366107224,0.042299366107224,0.720749970156447,0.0212055382894538,0.00160741500493651,0.0250580927572711,0.713433052280617,0.0464226579365865,0.0260359019335057,37.7593953653463,5,3,25,101
0.0253796196643344,0.042299366107224,0.0338394928857792,0.50395263067897,0.0113050844529778,0.029967065516092,0.045115646437164,0.693166962327415,0.0572575970158231,0.081324318752965,32.5170292467503,5,3,25,101
0.00451148734195909,0.00902297468391818,0.00966747287562662,0.593855686848672,0.00279368021603345,0.00667830170909202,0.00677270247826181,0.597050090496776,0.00958189212924671,0.0135843628074384,26.0072855843197,2,3,26,107
0.00322249095854221,0.00580048372537597,0.00966747287562662,0.684653196881458,0.00229959254077035,0.00891952214754863,0.0132040791758747,0.712956324775731,0.0156571375133322,0.0234728440502988,31.074455376034,2,2,26,107
0.00902297468391818,0.00386698915025065,0.00708948010879286,0.533578375079932,0.00640047753345827,0.00352026215996177,0.00679376950425876,0.582377077195259,0.0134065191579173,0.0101948864536258,22.9049452983591,4,4,26,107
0.00708948010879286,0.00322249095854221,0.00128899638341688,0.209656967344384,0.00704200899503543,0.00198351586734563,0.00302189416033672,0.425771115422241,0.0100483827729414,0.00506584199743693,14.7313836242854,4,2,26,107
0.0128899638341688,0.00451148734195909,0.00902297468391818,0.523936831995584,0.0143932588736649,4.13543300325396e-07,0.00999058681962432,0.640081699028144,0.0250453358284317,0.0100231369086284,27.6865155123818,4,4,26,107
0.00966747287562662,0.00451148734195909,0.00580048372537597,0.459279326771846,0.01103351750145,0.00484063834923009,0.0057904676507191,0.432972165064059,0.0168753776627649,0.0108657259018974,14.8424726637517,5,5,26,107
0.011600967450752,0.00580048372537597,0.00128899638341688,0.134839972492648,0.00945611320904481,0.00302054889785435,0.0032406730162562,0.363461789850654,0.0128584319346348,0.00640560427375344,10.4353260899942,4,2,26,107
0.00451148734195909,0.00966747287562662,0.011600967450752,0.626679561440512,0.00581296147758988,0.00704294427887654,0.00707408216695252,0.5244714307832,0.0130421175430157,0.0140534598175345,23.4508900021334,5,4,26,107
0.00451148734195909,0.0109564692590435,0.00902297468391818,0.548703261168734,0.00306669708521173,0.0127128931058576,0.00737306814729402,0.509162689061564,0.0102805507267662,0.0198449510383938,20.9716438704903,3,4,26,107
0.00193349457512532,0.00386698915025065,0.0109564692590435,0.792629087004267,0.00156668674706404,0.000616557988511983,0.00966342490006152,0.89937920748536,0.0113797041391434,0.0103083917649836,68.4618655370624,5,4,26,107
0.00299591039657037,0.00199727359771358,0.000665757865904526,0.21320071635561,0.00220970270598645,0.00222038100815195,0.0011088111036644,0.333592534708325,0.00329671990493469,0.00333685760405796,15.9900781059555,2,5,27,342
0.000998636798856789,0.00166439466476131,0.000665757865904526,0.338061701891407,0.00121480455954678,0.00156261864942755,0.000505492198660733,0.267994490411306,0.00171957495600378,0.00206492336402833,11.4630467413054,2,3,27,342
0.0026630314636181,0.00216371306418971,0.000332878932952263,0.121716123890037,0.00278858572723587,0.00146521176518713,0.000239546185942251,0.105431528541081,0.00305431734147535,0.0017048146335058,1.89534003571714,2,4,27,342
0.000998636798856789,0.00233015253066584,0.0026630314636181,0.622799155329218,0.000490885077989211,0.00180680881763726,0.00226439376585246,0.676095141499145,0.00276916234096708,0.00406897888590501,61.3659463387792,4,2,27,342
0.00133151573180905,0.000832197332380657,0.00282947093009423,0.724882435609076,0.000567386630244001,0.00122233313077912,0.00235025258339072,0.727959832550506,0.00292742174267268,0.00349029699295165,74.4903542106526,5,4,27,342
0.000499318399428394,0.00116507626533292,0.00282947093009423,0.775940289798985,0.000696479116521088,0.000874979174188028,0.00188765752620844,0.706486029615899,0.00249649544749505,0.00279193781172019,64.9913485714804,2,3,27,342
0.00116507626533292,0.00233015253066584,0.00183083413123745,0.518544972870135,0.00144157369403368,0.00265303950079436,0.00208585415619034,0.510171728040087,0.003503660089931,0.00474565565364973,42.8638542394597,4,5,27,342
0.00166439466476131,0.00199727359771358,0.00183083413123745,0.500517330712619,0.00211504012829816,0.00215951311259827,0.00312994829617439,0.594236289100613,0.00521736833855025,0.00528492434193867,70.0922785451343,5,3,27,342
0.000665757865904526,0.00166439466476131,0.00133151573180905,0.544331053951817,2.89721875962302e-05,0.00281888528912555,0.00239922551719527,0.674019406614821,0.00242422198339193,0.00510446791760134,68.9108191687846,3,2,27,342
0.00332878932952263,0.000665757865904526,0.000665757865904526,0.288675134594813,0.00190886067859006,0.000688514445249769,0.000668033391784733,0.3572994367786,0.00258946750980821,0.00136951842259385,18.5898565922334,4,3,27,342
0.00742116482680937,0.0139146840502676,0.0129870384469164,0.554265307725427,0.00973389255136838,0.0161053466300534,0.0086823224194351,0.406366479917715,0.018229393654399,0.0249620840281745,18.7240400666915,4,5,28,182
0.0166976208603211,0.00556587362010703,0.0129870384469164,0.553398590529466,0.00942053141599124,0.00106744291739015,0.0189552812462371,0.795233187544257,0.0294188710369375,0.0202380235879714,76.945962482376,3,5,28,182
0.0120593928435652,0.0139146840502676,0.00834881043016054,0.39167472590032,0.00481922923560532,0.0181474838699688,0.00858780874757764,0.45360044635746,0.013726685092703,0.0265348489998016,22.4332413257103,2,5,28,182
0.00185529120670234,0.0102041016368629,0.00556587362010703,0.514495755427527,0.00150982817724123,0.00955676512174358,0.00934316616829558,0.652362775560441,0.0108072292649131,0.0189786166478597,35.399584646817,4,2,28,182
0.0139146840502676,0.0129870384469164,0.0102041016368629,0.431455497304005,0.0107412671756746,0.0111103242972092,0.0107665407908734,0.496347193683962,0.0209905555338336,0.0219400257625202,24.2281120109105,3,4,28,182
0.00742116482680937,0.0120593928435652,0.00834881043016054,0.465378920995517,0.00888957449703021,0.0190005371237906,0.0106786627788596,0.443113442071347,0.019203247976859,0.0297448233708459,18.7638578610387,4,3,28,182
0.0166976208603211,0.0129870384469164,0.00742116482680937,0.334496804002836,0.0114015132829709,0.00919359755239268,0.0166994840704203,0.619085050124473,0.0264359784336405,0.0261708803038442,39.6788530135591,2,3,28,182
0.0139146840502676,0.0176252664636723,0.0129870384469164,0.452555728684665,0.0190936662053946,0.0139331316425563,0.011917395847509,0.420909124329537,0.0297291435694658,0.025270687089178,18.9939461733726,4,3,28,182
0.00927645603351171,0.0102041016368629,0.00742116482680937,0.4325904563487,0.00518787418257591,0.00635420363758314,0.00734700164042759,0.560622769157183,0.0122820149495184,0.0137549976810758,26.6920012166946,2,4,28,182
0.0157699752569699,0.00463822801675586,0.0120593928435652,0.559430927785516,0.0157754259299593,0.00383896307983603,0.0139088156421624,0.605975644709596,0.0299362874708112,0.018367611069815,49.3256463245385,4,2,28,182
0.00580528415957477,0.00580528415957477,0.0174158524787243,0.75,0.00555164351571653,0.00316372767182435,0.0100616706752876,0.700193650195969,0.0155669906706838,0.0119678023210893,45.9724944334935,4,2,29,178
0.0106430209592204,0.0145132103989369,0.015480757758866,0.553040903856227,0.00648752228107985,0.0303516183672381,0.012838589030214,0.444377860874512,0.0190923975922304,0.0435870704361761,19.233616327993,4,2,29,178
0.0145132103989369,0.00193509471985826,0.0145132103989369,0.664211164155072,0.0123999932061762,3.87896176685307e-09,0.0071121028047287,0.603735804293828,0.0200759774962954,0.0070081230394519,37.4865698021702,4,3,29,178
0.0106430209592204,0.00677283151950389,0.00774037887943302,0.473879102207274,0.00971513371790902,0.00274674863186657,0.00624867939483215,0.521445601709705,0.0150854890359907,0.00897297784893863,19.1755844905984,2,5,29,178
0.0125781156790787,0.00580528415957477,0.00967547359929128,0.521286035142687,0.00630918474623681,0.00683648093835634,0.0176045546011494,0.728184608191865,0.0242312493779627,0.0252233507420117,63.1666886823828,5,4,29,178
0.0193509471985826,0.015480757758866,0.00483773679964564,0.218217890235992,0.0185841930960708,0.0152933889987057,0.00486504542589176,0.223766014895536,0.0235713670537042,0.0202577952770627,6.19017842177129,4,5,29,178
0.015480757758866,0.0164483051187952,0.0116105683191495,0.421117443806158,0.0150154154547779,0.00829920213147294,0.0124599442198346,0.521722611587215,0.027664657644846,0.0208028842667446,32.2126375845295,5,5,29,178
0.00483773679964564,0.00483773679964564,0.0135456630390078,0.736842105263158,0.00651021096605892,0.00676126552494792,0.01078897358319,0.619192653492704,0.016920682654268,0.01781457290134,35.0862813917336,4,4,29,178
0.00774037887943302,0.0116105683191495,0.0106430209592204,0.526201360558434,0.00659590860467122,0.00818898873562654,0.018307590495995,0.712698916790053,0.0238068269516448,0.0251177084442029,44.1504880438144,4,3,29,178
0.0116105683191495,0.00967547359929128,0.0106430209592204,0.500517330712619,0.0100494838705558,0.0112432079172123,0.0116269039358662,0.522199538631362,0.0212146557240196,0.0223948436940821,35.1694703688839,4,5,29,178
0.00876415371586964,0.00525849222952178,0.00175283074317393,0.204124145231932,0.00522621150921133,0.00414192720783051,0.0025111014830022,0.349993100963558,0.00740630739582932,0.00643822432702733,12.9688488042871,2,2,30,241
0.00788773834428268,0.00876415371586964,0.0175283074317393,0.67806350362081,0.0066867778505625,0.0137436240923737,0.0106050297294027,0.516837736357448,0.0170872146887633,0.02350865009543,31.4235626571302,3,4,30,241
0.00175283074317393,0.0105169844590436,0.00350566148634786,0.408248290463863,0.00119433205141636,0.0145303676320255,0.00601380101063375,0.494189336940309,0.00720169592862665,0.0199885629879565,19.5143242097076,5,4,30,241
0.0140226459453914,0.0131462305738045,0.00175283074317393,0.114332390095006,0.0117254875339581,0.0175281449034716,0.000299788597585341,0.0204746779277507,0.0120172535476717,0.0178254049055985,0.0339606290446568,5,5,30,241
0.00175283074317393,0.0105169844590436,0.0113933998306305,0.671317113342619,2.02793145673258e-07,0.0161769076759859,0.0157706724017824,0.702592208407647,0.0159225786874918,0.0332852599989588,57.802455139777,4,2,30,241
0.00613490760110875,0.0113933998306305,0.00876415371586964,0.505721737424174,0.0036067061800415,0.00700964033813885,0.0141106702112557,0.729453791927,0.0176674678673501,0.0205437666125173,64.903524833452,5,2,30,241
0.0140226459453914,0.0122698152022175,0.00613490760110875,0.318511028635303,0.0175266681608846,0.008913928982575,0.0048025625733112,0.274419286686693,0.0226363310078453,0.0137705714897595,10.509007372491,4,5,30,241
0.0157754766885654,0.0175283074317393,0.0157754766885654,0.486664263392288,0.0106227694605254,0.0166248916449735,0.0171448697240148,0.559887426888241,0.0278036585418619,0.0333991874669586,47.6423208787445,4,4,30,241
0.00350566148634786,0.00350566148634786,0.00788773834428268,0.692307692307692,0.00128663443088196,0.00420862317939651,0.0062983805104465,0.705523090291162,0.0073723903212639,0.0100061496393109,46.267312562512,2,5,30,241
0.0131462305738045,0.00525849222952178,0.0131462305738045,0.597614304667197,0.0165705051782257,0.00804296617563718,0.0120718312338123,0.502934123745603,0.0268435922504829,0.0202411914244448,32.6175070981442,3,3,30,241
0.00548420076153241,0.00609355640170267,0.00487484512136214,0.457329560380024,0.00775930883767831,0.00861082433778889,0.00307612212664416,0.273356843891113,0.0108000099499957,0.0113678877346934,5.62160225878938,3,4,31,150
0.004570167301277,0.00213274474059594,0.00335145602093647,0.508475179873127,0.00404921933548837,0.00211056627605965,0.00515700648385503,0.630466726906311,0.00947956902486002,0.00741088206319407,50.9232320231387,5,3,31,150
0.00213274474059594,0.004570167301277,0.00304677820085134,0.485071250072666,0.0011828584732305,0.00400121812618162,0.00383306364613542,0.611464213181057,0.00499810097349871,0.00744160298070654,33.9336094286571,4,3,31,150
0.0018280669205108,0.00243742256068107,0.00335145602093647,0.612056372482123,0.000849129785083519,0.00256207888305845,0.00211093420108152,0.567578124080593,0.00294700382544606,0.00454681467993644,18.5577114658849,2,2,31,150
0.00609355640170267,0.00121871128034053,0.0036561338410216,0.530330085889911,0.00293483076590241,0.00140313846991922,0.00480576118947006,0.693214722974823,0.00734835729629297,0.00626055550949037,37.0242577225031,2,3,31,150
0.00609355640170267,0.00121871128034053,0.00517952294144727,0.609871602834049,0.0032117734046075,0.000713097682073067,0.0058138070822147,0.757476924119488,0.00891152177899074,0.00658571364922467,48.2491879469184,3,5,31,150
0.0036561338410216,0.00335145602093647,0.0036561338410216,0.510753918455249,0.00264192185354252,0.00457332418193532,0.00641048497573517,0.642883627542284,0.00905967810118654,0.0107822398027804,38.1652796431579,2,4,31,150
0.00487484512136214,0.00335145602093647,0.00517952294144727,0.559258940715804,0.00451217960972814,0.000670659532957159,0.00672385960318072,0.737661376975492,0.0113938892644583,0.00737563175914997,59.825299681981,4,5,31,150
0.00152338910042567,0.00121871128034053,0.004570167301277,0.769483764063866,0.00092100031976916,0.00100074758723614,0.00471680851644189,0.830783486733567,0.00570241385771038,0.00572819895635376,60.5356156757162,5,4,31,150
0.00243742256068107,0.00335145602093647,0.004570167301277,0.613395615082148,0.00493029989225786,0.0055534926420514,0.00189775184976122,0.266058179299702,0.00682492343735375,0.00735371710612291,4.32116781263886,3,3,31,150
0.000361299324881604,0.00162584696196722,0.00198714628684882,0.682191040240646,0.000376890466294211,0.00273266874103792,0.0019163153157377,0.586903133381987,0.00233896004721319,0.00476341303181359,50.9448076369636,2,3,32,320
0.00343234358637524,0.00343234358637524,0.00307104426149364,0.472222222222222,0.00297528533643798,0.0042875201620612,0.00398986382359048,0.525468045775405,0.00694243529308855,0.00831735190291182,58.8525424177477,5,4,32,320
0.00234844561173043,0.00234844561173043,0.00216779594928963,0.48,0.00134256402235178,0.0017506264376772,0.00108684161276933,0.413952729837057,0.00244618689263422,0.00283379398425989,22.483856466744,3,3,32,320
0.00144519729952642,0.00144519729952642,0.00180649662440802,0.555555555555556,0.00120436024805165,0.00239565211956195,0.00387954320398561,0.68686015157374,0.00491096743857579,0.00601505496662345,70.4036027100648,4,3,32,320
0.00198714628684882,0.00144519729952642,0.00234844561173043,0.579066024143586,0.00192251039199014,0.000835396198200822,0.00221766386237041,0.623761743884359,0.00403676141606729,0.00290614196760954,46.8254124052484,3,2,32,320
0.00162584696196722,0.00126454763708561,0.00361299324881604,0.714741689891863,0.00116173810915734,0.000913478462775229,0.00459166458090638,0.815874699013045,0.0058549423726073,0.00559822614153898,126.295554308733,4,5,32,320
0.000361299324881604,0.00126454763708561,0.00198714628684882,0.719092495506675,0.000550861371858724,0.000739585185815135,0.00168728025315432,0.72397003837464,0.00225185061458959,0.00241931501016578,60.159134093577,3,5,32,320
0.00289039459905283,0.000361299324881604,0.00325169392393444,0.690268489962633,0.00359474142722192,0.000675868090589184,0.00342060783587132,0.638077504828568,0.00714560921617247,0.00411718563345537,63.9539288036058,2,3,32,320
0.00289039459905283,0.00252909527417123,0.00307104426149364,0.531509589558614,0.00194670765853414,0.00250061708366743,0.00166343867640029,0.429028480996841,0.00363822458134836,0.00422698512140834,35.2208820963564,3,3,32,320
0.00325169392393444,0.00234844561173043,0.00234844561173043,0.457905469889625,0.00314191144800714,0.00265592623033272,0.00268194901354354,0.481017445009929,0.00586869302889461,0.0053114405027072,40.9629942771529,2,3,32,320
0.00253984413361089,0.00133676007032152,0.00133676007032152,0.4152273992687,0.00318524762708239,0.0022245905108803,0.00174678708031647,0.394690177648853,0.00491575882574355,0.00389138722172004,32.4538929170335,4,3,33,383
0.00253984413361089,0.000668380035160761,0.000668380035160761,0.322748612183951,0.00301010064328382,0.00158347274340237,0.00029764922100354,0.119324587838625,0.00329129652111788,0.00186287486960537,3.80604959614885,3,2,33,383
0.00187146409845013,0.000935732049225065,0.00133676007032152,0.495073771488337,0.00191250282189355,0.00121247285530009,0.00137191818665227,0.470890240059455,0.00323604230521034,0.00255550798412955,44.900815059426,4,3,33,383
0.000401028021096457,0.000935732049225065,0.00160411208438583,0.710818653310911,0.00070225237090751,0.000676330854321412,0.00137595847564955,0.666256149497437,0.00212065075674554,0.00206148999563987,57.251621698907,2,4,33,383
0.000267352014064304,0.000935732049225065,0.00106940805625722,0.653197264742181,0.000209499836220624,0.00109150561425284,0.00103875150573632,0.637007627741515,0.00124505666256509,0.00206852401600661,49.1112084387352,2,5,33,383
0.00200514010548228,0.00147043607735367,0.000401028021096457,0.188982236504614,0.0027417039262428,0.00157327241544693,0.000214376166039821,0.0932561167054185,0.00296390409300198,0.00178989403370621,3.36407948501409,3,4,33,383
0.00240616812657874,0.00213881611251443,0.00120308406328937,0.346410161513775,0.00198312085173709,0.00296328289447364,0.000752022153487131,0.235908384523229,0.00276103235367271,0.00374263025078602,16.0311900580476,2,4,33,383
0.000267352014064304,0.000534704028128609,0.00147043607735367,0.787726361443376,0.00040789079903336,0.00026959800391508,0.000962732199777653,0.740769245846042,0.00138528096431657,0.00123004582740913,51.8606372832887,2,3,33,383
0.00213881611251443,0.00227249211954659,0.00213881611251443,0.492365963917331,0.00251867750938553,0.00313838442526693,0.00266615129443507,0.485997276836396,0.00520089299096927,0.00580177507205061,53.4725521434004,3,4,33,383
0.00227249211954659,0.00147043607735367,0.00213881611251443,0.536020168138246,0.00161836638375151,0.00176998317509548,0.00164000793097838,0.492004231935503,0.0032699264456443,0.00351229506465886,42.0615312362953,5,2,33,383
0.00256566188899248,0.000699725969725222,0.00373187183853452,0.706417257101357,0.00335140688092508,0.000746052474853569,0.00264807883014051,0.58682631149529,0.00612318049700965,0.00342260155106639,49.6157186235839,5,3,34,252
0.00279890387890089,0.000932967959633629,0.00443159780825974,0.711555591959481,0.00237976185663654,0.000195453999579779,0.00310922493430928,0.730031186008623,0.00566806757936279,0.00324286657873665,71.4390086307046,3,3,34,252
0.00466483979816815,0.00466483979816815,0.00209917790917567,0.310344827586207,0.00574539275584887,0.00254692146978398,0.00277922108627608,0.412457633390398,0.00856223934222332,0.00534228173713548,29.0568268259939,4,3,34,252
0.00186593591926726,0.00186593591926726,0.0032653878587177,0.636363636363636,0.00152945863719666,0.00201918532598457,0.00395948656314836,0.691181437385053,0.0054772143713657,0.00594097739744608,67.3191982733795,2,2,34,252
0.00139945193945044,0.00116620994954204,0.00373187183853452,0.744387368318777,0.000696645917587766,0.00159342105085641,0.00362061870545961,0.763117278711991,0.00431617143346833,0.00520847303089398,70.780722315146,2,4,34,252
0.000466483979816815,0.00466483979816815,0.00466483979816815,0.674199862463242,3.63398929740619e-06,0.00408465165926148,0.00671937764619356,0.788413844811005,0.00657476395023416,0.0106310297784532,109.612021050029,4,5,34,252
0.00466483979816815,0.00349862984862611,0.000466483979816815,0.103417537999004,0.00331281177965141,0.00318280345834677,0.000830133377625966,0.203592662531124,0.0041930848266091,0.00410115962873323,7.09634420439244,5,3,34,252
0.00139945193945044,0.00373187183853452,0.000932967959633629,0.282842712474619,0.00215652576924132,0.00141127257748971,0.000506859842334937,0.22424954300391,0.00267812743243848,0.00193466266417323,9.25932893865539,4,4,34,252
0.00279890387890089,0.00349862984862611,0.00186593591926726,0.373001923296125,0.00140589947583703,0.00270402666022156,0.00258418373701088,0.56257191809361,0.00391592441892139,0.00529263601445239,45.3738670125262,4,3,34,252
0.00349862984862611,0.00233241989908407,0.00349862984862611,0.547722557505166,0.00218180904907369,0.00205051560953674,0.00347692104155507,0.621689384236055,0.00574753015058081,0.00587610270018884,51.2057057012998,3,2,34,252
0.00946788285716263,0.0213027364286159,0.00473394142858132,0.246182981958666,0.0122835338043287,0.0222181745587247,0.0063508719885241,0.275250243154965,0.0186671367085123,0.0285856089391724,17.4163198691756,2,4,35,201
0.0177522803571799,0.0189357657143253,0.0236697071429066,0.563436169819011,0.0241752804626039,0.0175858081329343,0.0190311276196851,0.478464191983684,0.0415825071332022,0.0368899835811452,18.5723718863547,2,2,35,201
0.0236697071429066,0.0165687950000346,0.0224862217857613,0.529619939671157,0.0217780010813309,0.00948924413645556,0.0212592785425961,0.584405088603258,0.043389452147587,0.0309708604297018,44.3847291671516,3,5,35,201
0.0130183389285986,0.0201192510714706,0.00473394142858132,0.225374467927604,0.0121908774649008,0.0281063289768062,0.00394171803143067,0.17335351309226,0.0161590306429321,0.0323850996849405,3.00677654157374,4,2,35,201
0.0165687950000346,0.00591742678572665,0.0130183389285986,0.55,0.0125373135126489,0.00516000152628917,0.0140612801657776,0.621876795729181,0.0267635657854877,0.0199017565750888,46.6787726956518,5,2,35,201
0.0165687950000346,0.0118348535714533,0.00473394142858132,0.251976315339485,0.0213620741043685,0.00948033161661551,0.00401363404337998,0.216899667381386,0.0255082021955354,0.0135269685337054,5.54455875330069,5,5,35,201
0.0165687950000346,0.00591742678572665,0.00355045607143599,0.257247877713763,0.0175441860107363,0.00816294001073117,0.00951003656305783,0.434920427716575,0.0264890380585875,0.018097951727466,22.0857688872289,3,4,35,201
0.00710091214287197,0.0236697071429066,0.0177522803571799,0.553283335172488,0.0105811834889389,0.0183066600549721,0.0113293189968543,0.444598503891166,0.0221378318079369,0.0289660999219481,19.9186991556108,3,2,35,201
0.010651368214308,0.0118348535714533,0.0142018242857439,0.558290526239082,0.00797486751920688,0.00803346484483611,0.0118448914316039,0.59674895231664,0.0198777790485008,0.0200240796936363,35.5298729423326,2,5,35,201
0.00473394142858132,0.00355045607143599,0.0224862217857613,0.844653026501335,0.00399275425865159,0.000754338788633312,0.0258822838636694,0.917505724930409,0.0310085122120308,0.0265755341778754,115.42136248261,2,5,35,201
0.014702353070569,0.0108333127888403,0.0123809289015318,0.493770719878694,0.0119246044296743,0.0132469176307719,0.0101725988482008,0.447171690018786,0.0224589015810807,0.0234719710299763,14.5071114375685,2,3,36,124
0.00619046445076588,0.00851188861980308,0.00154761611269147,0.175411603861406,0.005973137842045,0.0145037782369089,0.00294791510524396,0.236258872721833,0.00919954143359696,0.0177867859600268,5.66519059125918,2,5,36,124
0.00851188861980308,0.00154761611269147,0.0108333127888403,0.7,0.00793286064273854,0.000777985232765843,0.0107209159160475,0.732015596641448,0.0187547392497241,0.0109077962770704,44.5277087958264,3,2,36,124
0.00154761611269147,0.0023214241690372,0.011607120845186,0.857492925712544,0.000663654528361337,0.00076847767543576,0.00846678853978539,0.922036423418954,0.00911158910200025,0.00919804844452129,56.766506801904,4,3,36,124
0.0100595047324946,0.00851188861980308,0.00309523222538294,0.25048971643406,0.0151687282749512,0.00653695237393813,0.00221378727451494,0.179496998957271,0.0172155373812579,0.00873304414678833,3.69168890455779,3,4,36,124
0.00464284833807441,0.00928569667614882,0.00464284833807441,0.408248290463863,0.0040406433923258,0.0127111005849005,0.00506210608241113,0.397980736590013,0.00914452451617928,0.0178803042667017,12.2131278133932,2,3,36,124
0.011607120845186,0.0131547369578775,0.00386904028172867,0.238365647311398,0.011928431951405,0.0119592069849473,0.00139639643092749,0.104675769150591,0.0132875726896088,0.0132515981290749,0.985654080949814,3,2,36,124
0.00619046445076588,0.00541665639442014,0.00309523222538294,0.348155311911396,0.00505083542522187,0.00802660993816764,0.00409730916019248,0.389054739057745,0.00915622990327165,0.012508922627198,13.5927214002046,4,2,36,124
0.0131547369578775,0.00464284833807441,0.0131547369578775,0.607918758874329,0.0163578160321637,1.37773580864452e-06,0.0124741061262533,0.657724374835142,0.0293075905695411,0.0124753674276987,31.1481092556185,2,2,36,124
0.00773808056345735,0.011607120845186,0.0123809289015318,0.563575962941077,0.00621133197297378,0.0135570127217617,0.0134607706356839,0.583874725598736,0.0198902681149393,0.0275664028645214,28.4090624114102,5,3,36,124
0.0119741686488091,0.0179612529732136,0.0194580240543147,0.56736651461358,0.0132347404915669,0.00970637076017805,0.0249797613556848,0.686113945718174,0.036002853523228,0.0340272459337456,48.1104884295695,2,3,37,164
0.0284386505409215,0.0239483372976181,0.00898062648660679,0.255840859626733,0.0304933456963373,0.0170915552623209,0.022995564912802,0.496603501680021,0.0525951194441234,0.0405187227300267,25.5796082844749,5,4,37,164
0.0149677108110113,0.0254451083787192,0.0119741686488091,0.377123616632825,0.0187661573897232,0.04044894376922,0.021582354611931,0.431399489323509,0.0405117859757165,0.0646523219414447,19.8674013970691,3,5,37,164
0.0254451083787192,0.0179612529732136,0.0149677108110113,0.410304969931109,0.0170497993822882,0.0162686036364685,0.0191628955802265,0.534978027800899,0.0359114339911844,0.0337990414147048,25.688988349888,4,3,37,164
0.00299354216220226,0.0209547951354158,0.0119741686488091,0.539359889970594,0.00333385294957231,0.025278664277264,0.0138611816575869,0.53430491863858,0.0174195654989059,0.0402961657389627,33.3958068154259,4,5,37,164
0.00299354216220226,0.0254451083787192,0.0149677108110113,0.555555555555556,0.00396209474001172,0.0187656083440389,0.0266875208436565,0.715012809042112,0.029956215367874,0.046654888877566,49.6039018936694,2,3,37,164
0.00898062648660679,0.0134709397299102,0.00299354216220226,0.21320071635561,0.0115530458656426,0.0128750743946225,0.00283744553272836,0.188697784330832,0.0142832409154299,0.0156555387949669,3.08927205907852,3,4,37,164
0.0104773975677079,0.00898062648660679,0.00299354216220226,0.235702260395516,0.00460816171953089,0.00627946466545641,0.00304531337208711,0.360481848601475,0.00777822293770292,0.00959310928702473,11.2251634431644,4,3,37,164
0.0044903132433034,0.0299354216220226,0.0299354216220226,0.659380473395787,0.00239088253755991,0.0423086453625218,0.0478757954987343,0.711066309572559,0.0506430215662924,0.0976166705277689,45.4760646463492,5,2,37,164
0.0119741686488091,0.0299354216220226,0.0269418794598204,0.5726562866782,0.00772570535000673,0.030939804886934,0.0216480146276548,0.550802643149793,0.0293791827211571,0.052409477258293,31.2491166390911,5,5,37,164
0.0250605359595187,0.00835351198650624,0.0208837799662656,0.56980288229819,0.0261392090223877,0.0106349314184646,0.0136351388814779,0.438856479212006,0.0398248068459483,0.0243722093316374,21.0953456307325,4,5,38,126
0.0271489139561453,0.0417675599325312,0.0229721579628922,0.403279566308722,0.0384066088777901,0.0536169904718711,0.0310721651258651,0.405071363288384,0.0692005475418188,0.0847504036704883,13.2292057200229,5,5,38,126
0.0167070239730125,0.0292372919527718,0.0375908039392781,0.624037720753383,0.0210497976761256,0.0259651640154806,0.0640331690207486,0.731756267235164,0.0887513820843932,0.09106893775348,40.6200541847793,3,5,38,126
0.0292372919527718,0.0417675599325312,0.0271489139561453,0.435516386612325,0.0200045672430667,0.0272750907805751,0.0208693654907534,0.470449367478165,0.0404460733762419,0.0429374831238141,13.6405539967821,4,2,38,126
0.0271489139561453,0.018795401969639,0.0271489139561453,0.543557306504609,0.0344635965099223,0.0197891765905015,0.0329286496802711,0.552446477327033,0.0688586892726765,0.0534512081051639,27.5125753716123,5,5,38,126
0.0125302679797594,0.018795401969639,0.00417675599325312,0.21320071635561,0.0110997936946118,0.0154251481012647,0,0,0.0110992693572079,0.0154247739275625,1.74964185362114e-08,2,3,38,126
0.0313256699493984,0.0292372919527718,0.0375908039392781,0.553911709406997,0.0409707900883377,0.0303617864108445,0.0369434533384874,0.510157907342934,0.0738181301150255,0.0669076874400218,17.5536386738576,2,4,38,126
0.0146186459763859,0.00626513398987968,0.033414047946025,0.765383797175904,0.011099044435819,0.00365385729107009,0.0343952610498986,0.826699721374425,0.0464639407745961,0.0372775504330532,55.0059270642321,3,5,38,126
0.0208837799662656,0.0125302679797594,0.0355024259426515,0.682186500819359,0.0282980561219523,0.00730046152086704,0.022927393818917,0.582650511932914,0.0499154424404386,0.0301001341366081,25.7429339479105,2,4,38,126
0.0229721579628922,0.0417675599325312,0.0396791819359046,0.555470078894452,0.0148452449210239,0.0440439180697863,0.0698260481255779,0.711123075579707,0.0839745331505334,0.104230792035883,33.2228960295413,5,5,38,126
0.00450589534301193,0.00500655038112436,0.0100131007622487,0.67806350362081,0.00215429834524527,0.0043423125535032,0.0122537935521059,0.792436047055084,0.0147200294999125,0.0169469004376391,87.1105989720929,4,5,39,190
0.0055072054192368,0.00851113564791142,0.00801048060979898,0.536020168138246,0.00614183370765127,0.0078997335523405,0.00669465177562963,0.489116170045106,0.012863692023653,0.0144292023777676,28.9265676859555,3,4,39,190
0.0100131007622487,0.00801048060979898,0.00801048060979898,0.471404520791032,0.00687175704964592,0.00704186745703223,0.0113499725420248,0.619993907869294,0.018297330695686,0.0182990093176524,41.7272258192083,2,5,39,190
0.00350458526678706,0.00450589534301193,0.00450589534301193,0.530330085889911,0.00158094065349833,0.00274237527919588,0.00414147568750004,0.659856744984698,0.00574639384877155,0.00691252524234135,34.8180575912188,5,4,39,190
0.00450589534301193,0.00650851549546167,0.00300393022867462,0.355409326655455,0.00501239219587089,0.00508410048608921,0.00463103224299211,0.478451361312858,0.00972890840562388,0.00969011676115035,26.3703855770061,4,5,39,190
0.00700917053357411,0.00400524030489949,0.00750982557168655,0.580802319496775,0.00855797730349453,0.0015426334811343,0.00948045003934735,0.672323155656768,0.0178823564720138,0.0108919911612401,65.5430117647899,3,4,39,190
0.00250327519056218,0.00100131007622487,0.00951244572413629,0.84632726605601,0.00147338043049949,0.000571872416948244,0.00767513153413124,0.883613811363662,0.00889600773091055,0.00809414926724326,76.7364231796282,3,2,39,190
0.00150196511433731,0.00150196511433731,0.00300393022867462,0.666666666666667,0,0.00248235806721228,0.00370248626152143,0.773717360106079,0.00359353741470455,0.0057587265727111,39.650404761464,5,4,39,190
0.00951244572413629,0.00700917053357411,0.00150196511433731,0.155126306998506,0.0104226632581825,0.00502654505411092,0.00132747339407993,0.15363145054699,0.0116476536479365,0.00632853464391838,2.4974295235383,4,3,39,190
0.00400524030489949,0.00600786045734924,0.00300393022867462,0.377964473009227,0.00205359893500343,0.0044972953064559,0.00207449128225431,0.398286235934713,0.0041379962844277,0.00670659619974868,17.4589001875733,5,3,39,190
0.0053136280444448,0.00204370309401723,0.00735733113846203,0.674105297645824,0.00499139919807616,0.00164624695471778,0.00915619254660404,0.740649503579053,0.0138431097807995,0.0107466897667209,65.1847328911145,5,4,40,135
0.00694859051965858,0.00367866556923101,0.00122622185641034,0.193649167310371,0.00485327343932243,0.00458782044629199,0.00310270324973678,0.396657373881436,0.0085152220958349,0.00767494769169507,10.6295800963545,2,3,40,135
0.00735733113846203,0.00245244371282068,0.00613110928205169,0.56980288229819,0.00723081111747522,0.00459069192549696,0.00516076987202181,0.469479109152357,0.0126531226551721,0.00993307632590012,20.5396897706578,4,3,40,135
0.00122622185641034,0.000817481237606892,0.00449614680683791,0.815374248327211,0.000799704265361832,0.0012699345836244,0.00701138104900722,0.871762555543415,0.0079434032694356,0.00796787255911558,72.1134139650887,3,3,40,135
0.00204370309401723,0.00449614680683791,0.0053136280444448,0.625462791622095,0.00230158002449673,0.00350797439028481,0.00646600709201797,0.691451706698915,0.00882719301891182,0.0103309526259526,46.9245526460275,5,5,40,135
0.00653984990085514,0.00204370309401723,0.00490488742564135,0.550019098216927,0.00525953765842882,0.00345682006237254,0.00595799915550913,0.579756588802015,0.0104627320465878,0.0092755314743899,28.2832864872249,4,4,40,135
0.00776607175726548,0.00122622185641034,0.00204370309401723,0.360843918243516,0.00644075463325244,0.000870748778667245,0.0012634804247423,0.31158979555042,0.00781820975241793,0.00216735748013965,8.70453981838114,3,2,40,135
0.000817481237606892,0.00776607175726548,0.00122622185641034,0.286038776773678,0,0.00786625250788315,0.00298560307080212,0.524522390349265,0.00303425913887908,0.0112736314050261,28.9741847319751,3,5,40,135
0.00817481237606892,0.00286118433162412,0.00204370309401723,0.288675134594813,0.00802771725287343,0.00289761162063003,0.00267006769545657,0.345969834802438,0.0109488024524698,0.00571684559962044,12.2084579268276,4,2,40,135
0.00694859051965858,0.00735733113846203,0.00776607175726548,0.520596793133631,0.00760690381726208,0.0035611059321355,0.00555973952211538,0.507340299335563,0.0126457170806365,0.00907970436128704,19.779221966409,2,5,40,135
0.00978990444343516,0.00543883580190842,0.0108776716038168,0.592348877759092,0.00995158808641193,0.00618755274921014,0.0148561872762123,0.650207524714234,0.0260182784530271,0.0217471177831624,31.1848887397896,5,3,41,109
0.00326330148114505,0.00108776716038168,0.00978990444343516,0.821583836257749,0.00102103937411525,0.000893489533324221,0.0173614708730432,0.947749709591785,0.0193793025487379,0.0186835453462112,66.631003405864,4,2,41,109
0.00217553432076337,0.00924602086324432,0.00543883580190842,0.51434449987364,0.00547035253014796,0.00539761544164764,0.00554710663709281,0.505153563563591,0.0109774749601951,0.0107225849895691,16.3418808111288,4,2,41,109
0.00217553432076337,0.00598271938209927,0.00870213728305348,0.688530372659096,0.00232029031312808,0.00273229229104118,0.0038539920345871,0.604362254150361,0.00639893813647307,0.00668963541071271,23.871445110033,3,4,41,109
0.00761437012267179,0.00707048654248095,0.00163165074057253,0.18190171877725,0.00800074887831912,0.0055869149167039,0.000544898702440703,0.07527466155179,0.00861288329077011,0.00612878195357619,1.0166062633983,3,3,41,109
0.00271941790095421,0.00870213728305348,0.00435106864152674,0.452910813657838,0.00309014871834586,0.0108086534125877,0.00903628588676004,0.582503461607743,0.012175104211684,0.0245452375739127,19.3629579553538,3,2,41,109
0.00652660296229011,0.00326330148114505,0.00707048654248095,0.596480908063461,0.00656021890242478,0.00302567520551714,0.00305720818010458,0.39970613707726,0.00911729677982538,0.00603703668928114,9.91422974396903,2,3,41,109
0.00978990444343516,0.00217553432076337,0.00163165074057253,0.247435829652697,0.0118631584476184,0.00344427124007631,0.00191029242169458,0.222441813717709,0.0142036158259793,0.00541308494150614,4.30955336401428,3,3,41,109
0.00978990444343516,0.00435106864152674,0.00761437012267179,0.527644853011086,0.00757712607325586,0.00449465585533526,0.00909639446858032,0.604267338564216,0.0183535858334057,0.0141738162365828,27.3880382911334,5,4,41,109
0.00271941790095421,0.00217553432076337,0.010333788023626,0.808693704220811,0.00188072328739593,0.00173167850773058,0.00803237660961852,0.816439880172364,0.0108080043830456,0.00989670709026523,49.513108784319,2,3,41,109
0.00556792888689501,0.00477251047448143,0.000795418412413572,0.133630620956212,0.00708532061054286,0.00382527303857583,0.000957805166383743,0.154422651183678,0.00792083703907183,0.00477471486398825,2.28172720910513,5,5,42,105
0.00676105650551537,0.00357938285586108,0.00357938285586108,0.416025147168922,0.00753074433715961,0.00267532171576258,0.00414464271845459,0.464472922107925,0.0117977325559878,0.00671164011770351,9.90504745747688,2,2,42,105
0.00755647491792894,0.00159083682482714,0.00397709206206786,0.496291666985465,0.00659059991882753,0.00143934355215666,0.00587618562305157,0.615312005251708,0.0122014567976642,0.00731885292856128,29.7062997823003,5,4,42,105
0.00477251047448143,0.00318167364965429,0.00198854603103393,0.336336396998156,0.00271962899903003,0.00389494711519631,0.00185392881910248,0.361555107147553,0.00440329218734391,0.00577440803542535,9.13078506560751,4,4,42,105
0.00357938285586108,0.00795418412413572,0.00556792888689501,0.500638977896506,0.000502149509134223,0.00818388995679889,0.00872368097096757,0.698483949122875,0.00927143612132999,0.0163006081763387,22.8238594772772,4,2,42,105
0.00318167364965429,0.00596563809310179,0.00517021968068822,0.53611096424751,0.00326841141100192,0.00595494261621338,0.00391945012340838,0.465232550216768,0.00719929404679503,0.00982854283244808,17.1885266327791,5,5,42,105
0.000795418412413572,0.00119312761862036,0.00795418412413572,0.889108448948774,0.00163908930484215,5.6307805025695e-07,0.0107911604221748,0.931714420229665,0.012167811383602,0.0111940677246326,65.4137000013633,2,3,42,105
0.00119312761862036,0.0027839644434475,0.00159083682482714,0.455842305838552,0.00264404076306749,0.00135012530460116,0.00213033257586973,0.522601953819159,0.0050739510403369,0.00351663884510929,17.209971101182,3,3,42,105
0.00676105650551537,0.00556792888689501,0.00517021968068822,0.456773439802099,0.00614621096604927,0.00741284522815207,0.00429912234527795,0.388690317670021,0.010342288183615,0.0117249767239947,10.724524344782,3,3,42,105
0.00477251047448143,0.00636334729930858,0.00755647491792894,0.57681790368297,0.00395450148515528,0.00984694805689736,0.00470446234748778,0.419106589647736,0.00866506484087701,0.0145871758274285,10.6649892485601,3,5,42,105
0.00200765476279501,0.00114723129302572,0.00272467432093608,0.636523949664168,0.00252785636047926,0.00158331379229911,0.00283274820837539,0.582215155637115,0.00544728896828763,0.0044573746421257,74.8957494942148,3,4,43,374
0.0010038273813975,0.00129063520465393,0.00157744302791036,0.579750904364203,0.00114813661174053,0.00120342715778421,0.00277510331089654,0.702417588031757,0.00394489498868321,0.00396423134943641,92.2616628994541,4,4,43,374
0.00215105867442322,0.00186425085116679,0.000717019558141073,0.263523138347365,0.00293551963354644,0.00265075885398421,0.000425691805102408,0.132380005945648,0.00335250526954402,0.00309029479573669,3.28971983812215,3,2,43,374
0.000717019558141073,0.00157744302791036,0.00286807823256429,0.7184212081071,0.000711050168215251,0.00137816811673884,0.00220652754868975,0.682294690957148,0.00292896818984613,0.00360490971344604,77.8165633866916,2,2,43,374
0.00114723129302572,0.0010038273813975,0.00186425085116679,0.634335047416547,0.000668857770485636,0.00179547644059472,0.00236397086974744,0.665580164409051,0.00302365184486442,0.00394729492257278,69.4242824071675,4,2,43,374
0.000286807823256429,0.0010038273813975,0.000717019558141073,0.545544725589981,0.000590468374087284,0.00117725631347843,0.00103301921279933,0.54533165154141,0.00164779957948497,0.00221058119436047,44.7731118221899,2,5,43,374
0.000286807823256429,0.00272467432093608,0.0010038273813975,0.457604315322429,0,0.00271922877692811,0.00117870391373017,0.549901868091733,0.0011791164018422,0.00395464179573571,51.3197405336019,2,4,43,374
0.000717019558141073,0.000717019558141073,0.00229446258605143,0.761904761904762,0.000916322649674198,9.46627354796943e-05,0.00292003700264307,0.85863120099084,0.00399639895651772,0.00303023227490447,121.281086094371,2,3,43,374
0.00186425085116679,0.000430211734884644,0.000430211734884644,0.306186217847897,0.00151366528775044,0.000444140335467571,0.000433635964842812,0.331678100403906,0.00197336339375309,0.000884103233361612,13.4311863620397,2,2,43,374
0.00229446258605143,0.000286807823256429,0.0010038273813975,0.486533632799841,0.00207971683515376,0.000291619401712943,0.000432837356262945,0.320819518719375,0.00252311640562895,0.000729421946638775,19.1273426167646,5,3,43,374
0.00137384560449785,0.000686922802248924,0.00206076840674677,0.670820393249937,0.00131381015828114,0.000139334978417031,0.00171930844611878,0.724120863118792,0.00311831166740442,0.00185163054271621,79.7155362962264,3,3,44,363
0.00261030664854591,0.0017859992858472,0.0027476912089957,0.55749467333806,0.00452453832688917,0.00134856108836256,0.00225479037700428,0.456204447132044,0.0067395541136732,0.00358357928744787,35.494307496571,2,3,44,363
0.00219815296719656,0.000961691923148493,0.00233553752764634,0.604068696340896,0.00215202814209921,0.00126668997091923,0.00205074596532361,0.549215226764247,0.00434907674262385,0.00333698594475107,49.2645926888671,2,5,44,363
0.00233553752764634,0.00192338384629699,0.000961691923148493,0.311804782231162,0.00285780394693637,0.00212681549898611,0.000927710625297943,0.272821220596548,0.00378365326325097,0.0030794688773715,16.2920681872984,3,4,44,363
0.00151123016494763,0.00206076840674677,0.000824307362698709,0.317553674414978,0.002249626200547,0.0023479728134066,0.000719681427327771,0.238456680548744,0.00299541008262682,0.00307770202719178,11.2172092172733,3,5,44,363
0.00137384560449785,0.00109907648359828,0.00027476912089957,0.182574185835055,0.000951083814422619,0.00117232522409996,0.000647552413528005,0.379646155937229,0.00159885055447415,0.00180569533681959,21.9715133521275,3,2,44,363
0.000549538241799139,0.00261030664854591,0.00123646104404806,0.471728176524863,0.00057622303159246,0.00237530184530628,0.00182345908223393,0.574458409607924,0.00241166134622027,0.00404437079269288,44.2083222035791,2,2,44,363
0.00137384560449785,0.00261030664854591,0.00192338384629699,0.497468338163091,0.00225480786853849,0.00324810219600183,0.00187378909561969,0.407478111313614,0.00406785818964542,0.00507693302478523,34.1599279665691,2,4,44,363
0.000412153681349354,0.00109907648359828,0.000549538241799139,0.436435780471985,0.000571772584427084,0.00129289328977322,0.000577055966136593,0.393709065371643,0.00115044729183733,0.00186310385545698,20.5504560525284,2,3,44,363
0.0017859992858472,0.0027476912089957,0.0017859992858472,0.443812682299297,0.00185412273389979,0.00255935192026363,0.0022318692374907,0.504425325368072,0.00413369482733869,0.00482668816765182,52.7252543738737,3,2,44,363
0.00306935233473984,0.0038366904184248,0.00460402850210976,0.572077553547355,0.0030994990937631,0.0043501322308806,0.00554546657151021,0.599563816773517,0.00863712006359276,0.00969387924418152,62.9269620982925,5,4,45,270
0.00230201425105488,0.00409246977965312,0.00179045552859824,0.364900224599881,0.00384744575892005,0.00625972084620433,0.00155149159113258,0.238910951281903,0.00540883495210502,0.00779130206841137,8.78317719398149,5,4,45,270
0.00076733808368496,0.00051155872245664,0.00179045552859824,0.737864787372622,0.000258120475973661,0,0.0015573256557194,0.926185623933369,0.00182950752225154,0.00157384912309056,49.6342234628814,3,2,45,270
0.00076733808368496,0.00102311744491328,0.0038366904184248,0.811107105653813,0.000437088913940397,0.00166613904350425,0.00302689215565735,0.750727754673775,0.00345960464695152,0.00483105793916016,73.8534273105128,4,2,45,270
0.00358091105719648,0.00409246977965312,0.0012788968061416,0.250313087160879,0.00220287782848125,0.00326475207471874,0.000707097700545256,0.207988033843037,0.00291273347831437,0.00398038522724484,6.74113480542968,3,5,45,270
0.00230201425105488,0.00153467616736992,0.0025577936122832,0.573539334676404,0.00215584762148667,0.00162472662670103,0.00101590823606555,0.351035007699896,0.00319148464105161,0.00266415652061627,15.9845859545354,3,3,45,270
0.00076733808368496,0.00102311744491328,0.0051155872245664,0.851256530758749,0.000551657806474391,0.000952145949252124,0.00638534990064119,0.89500338455537,0.00688828867155558,0.00737881027135322,118.491715056158,2,4,45,270
0.00409246977965312,0.00306935233473984,0.00409246977965312,0.534522483824849,0.00429757468760043,0.00397638160102803,0.0047996143668974,0.537161066056164,0.00874396721080524,0.00852190795259001,43.3542218209253,4,3,45,270
0.00332513169596816,0.00460402850210976,0.00204623488982656,0.34236839400873,0.00481180526534178,0.00374450466623352,0.00201880740414914,0.321757731299244,0.00663836500148718,0.00567772493316231,15.4562139347421,5,5,45,270
0.00051155872245664,0.00358091105719648,0.00281357297351152,0.610170215847752,0.000271867632164243,0.00382620585017529,0.00238522179030993,0.587124181554967,0.00268851945443773,0.00639369753087783,46.9614661244152,2,3,45,270
0.000852487763682128,0.00149185358644372,0.00255746329104638,0.688247201611685,0.00135248946379334,0.00172035463542865,0.00277719051938586,0.644406197497757,0.00413153802823708,0.00452623415412679,60.290103951817,3,5,46,283
0.00234434135012585,0.000639365822761596,0.00170497552736426,0.55337157109286,0.00392375433014893,0.000669013337506233,0.000865019410762944,0.319151124154784,0.00484834657732648,0.00155548320052665,16.4848397698076,3,2,46,283
0.00213121940920532,0.00213121940920532,0.00426243881841064,0.666666666666667,0.0015353001226726,0.00352318076876977,0.00390218777825538,0.614115424496654,0.00553924159636869,0.00747441021144652,68.2757347742578,4,5,46,283
0.00255746329104638,0.00106560970460266,0.00149185358644372,0.463586324972765,0.00278670909005777,0.000449342957840582,0.000850923739947424,0.391259585077224,0.00358384720675743,0.00130078907580151,15.6792367184674,2,4,46,283
0.00426243881841064,0.00362307299564904,0.00213121940920532,0.351364184463153,0.00516574082583814,0.00387740751617937,0.00362867993013198,0.446620067519389,0.00866474372854365,0.00751112374326461,26.6453440378845,2,4,46,283
0.00404931687749011,0.00298370717288745,0.00234434135012585,0.401663208837122,0.0025089371214824,0.00337729234789713,0.0024794142053152,0.45871594481336,0.00499755666142241,0.00560591892923782,32.4773466922396,5,2,46,283
0.00319682911380798,0.00319682911380798,0.00298370717288745,0.482758620689655,0.00424870632017443,0.00436257270129982,0.00213223835077806,0.331215002755623,0.00641052332700685,0.00651547156625129,21.2317686499459,3,5,46,283
0.00383619493656958,0.00383619493656958,0.00149185358644372,0.28,0.00273032658802769,0.00491424800700215,0.00111710391754293,0.231900052952592,0.00386802337197458,0.00607969322991813,8.06023183007693,3,4,46,283
0.00170497552736426,0.00298370717288745,0.00149185358644372,0.394405318873308,0.00306274089651746,0.00191766321279931,0.000781944357749091,0.242714172109823,0.00386397203077848,0.00269910182466978,8.93645025628581,4,3,46,283
0.00170497552736426,0.00127873164552319,0.00213121940920532,0.58925565098879,0.00114057543086136,0.00167525122171444,0.00328532601962791,0.701150899196722,0.00429619719844242,0.00501959570943814,65.0031964904443,4,4,46,283
0.00235591296687445,0.00342678249727192,0.00171339124863596,0.374634324632678,0.00299051792830551,0.00417638356175085,0.00098826352329139,0.218010493703809,0.00399134253398515,0.00517806021658302,11.1877987942069,4,4,47,351
0.00214173906079495,0.00042834781215899,0.00342678249727192,0.739600261633639,0.00227043445678562,0.00019166951706954,0.00452991151396644,0.799430090256121,0.00685260649489651,0.004728899266982,117.745823782003,5,3,47,351
0.00235591296687445,0.0042834781215899,0.000642521718238485,0.167183463772606,0.00255072681232264,0.004362595059248,0.000548315002686436,0.140551479202619,0.00311126327048216,0.00492146702277765,5.76499406641295,3,5,47,351
0.00149921734255647,0.0042834781215899,0.00299843468511293,0.523936831995584,0.00112913677558614,0.00350051132977701,0.00267772126844978,0.552140875501156,0.00380922684550921,0.00598379013186041,47.3241350542106,3,3,47,351
0.00278426077903344,0.00214173906079495,0.00128504343647697,0.344123600805843,0.00318562659582134,0.0015396553440526,0.000882739382561312,0.281190108622356,0.00402430259111288,0.00240829486000646,12.0483028139749,5,5,47,351
0.00149921734255647,0.00085669562431798,0.00364095640335142,0.757240185418536,0.000652241719207363,0.000660910173787311,0.0023989191559903,0.785117137819167,0.00306924675116022,0.00307160903006718,82.4401328597525,5,5,47,351
0.00042834781215899,0.00214173906079495,0.00257008687295394,0.683763458757828,0.00020398961510185,0.00181164791858315,0.00334109376056563,0.781729050028429,0.00355377372286951,0.00519744873746984,85.4123203392211,5,5,47,351
0.000642521718238485,0.0042834781215899,0.00107086953039748,0.353553390593274,0.000210393627493079,0.00333771096123113,0.00134543723845696,0.498440475284612,0.00153783936661742,0.00469401307550731,32.0397603150037,2,5,47,351
0.00235591296687445,0.00278426077903344,0.00042834781215899,0.143222974807887,0.00182397484367213,0.00512984533526686,0.000584176095305081,0.157482027299858,0.0024104509663438,0.00575173496499265,4.65126860351586,4,2,47,351
0.00385513030943091,0.0042834781215899,0.00321260859119243,0.441367414752375,0.00257671538364772,0.00448543327351514,0.00499144706195286,0.58938428022358,0.0076507290720647,0.00958720552244695,65.7819232228034,2,3,47,351
0.0011472363182022,0.001912060530337,0.0034417089546066,0.694365074829414,0.00199446847282239,0.00154972359592537,0.00380368700612471,0.682723052337929,0.00605798384727858,0.00536805073401215,67.650926563427,2,3,48,294
0.0024856786894381,0.0022944726364044,0.0005736181591011,0.193649167310371,0.00262554798516673,0.0025859978083387,0.000833745000294074,0.242405710758688,0.00344649237552012,0.00340823208082612,12.1336736383195,3,2,48,294
0.0034417089546066,0.000956030265168501,0.0036329150076403,0.637598252453323,0.00400604286954457,0.000228106811044102,0.00493588761345341,0.726368054252436,0.00876173041083706,0.00519166608868162,90.5017293579689,3,4,48,294
0.0022944726364044,0.0030592968485392,0.0011472363182022,0.301511344577764,0.00315056330700797,0.00359754591134843,0.000650777052939609,0.161940356116059,0.00381714559166929,0.00427656417814559,9.604971463026,5,4,48,294
0.0005736181591011,0.0036329150076403,0.0028680907955055,0.606339062590832,0.000757009419203595,0.00340446540434012,0.00142509918689443,0.438988276092809,0.00218229162689162,0.00482731702865491,26.9643539972262,3,3,48,294
0.0028680907955055,0.0007648242121348,0.0021032665833707,0.557006651896017,0.00292354236105051,0.000993252379454477,0.00180906718585154,0.496758753820728,0.0047892383751238,0.00282255506901374,38.4786648517995,3,3,48,294
0.0011472363182022,0.000956030265168501,0.0013384423712359,0.560448538317805,0.000997988692795573,0.000966096167482248,0.000799999115364853,0.448940793878942,0.0017998755631989,0.00176530744547726,21.1643074527472,2,4,48,294
0.0003824121060674,0.0028680907955055,0.0028680907955055,0.664211164155072,0.000614087413987769,0.00221383971351736,0.00199045978066266,0.60150669867793,0.00257267982038901,0.00427654744698255,46.1257472764912,5,5,48,294
0.0013384423712359,0.0013384423712359,0.0021032665833707,0.611111111111111,0.00224201129217464,0.000820111289086963,0.00176095061647709,0.547844413850921,0.00398310396080365,0.00258483096319106,39.1719307041223,3,3,48,294
0.0024856786894381,0.0034417089546066,0.0013384423712359,0.313049516849971,0.00225195961057515,0.00416906227499307,0.00182159610421761,0.368746563205448,0.00411675094093541,0.0060210170282899,26.9776404237439,4,5,48,294
0.0172068527812043,0.0150559961835537,0.0365645621600591,0.694022093788567,0.00853411498362601,0.0207806074260936,0.0441688080053251,0.754936988602771,0.0537947740488885,0.0682396152518362,40.8504660931337,5,2,49,123
0.0258102791718064,0.0408662753553602,0.0150559961835537,0.314944889466093,0.0311289223908883,0.069651176818398,0.00746378382981597,0.136816071246609,0.0386593499445714,0.0774293689067521,1.78297504076187,4,5,49,123
0.0408662753553602,0.0172068527812043,0.0430171319530107,0.605227532668802,0.0165286599211457,0.0250616297737388,0.0603412900772213,0.744731857610133,0.0776829815098851,0.0791133126712018,51.7419741072513,5,5,49,123
0.0215085659765053,0.0172068527812043,0.0172068527812043,0.471404520791032,0.0218666927034896,0.0301974961922772,0.0123226969250302,0.323193396939186,0.033387980936697,0.0419445324120495,6.38618290150822,4,4,49,123
0.0344137055624086,0.0129051395859032,0.0172068527812043,0.436435780471985,0.0118280608746341,0.0073274190790781,0.0158302373474127,0.625500117675167,0.0281254857532336,0.0233747286192633,24.3113806440366,4,3,49,123
0.0301119923671075,0.0387154187577096,0.0064525697929516,0.158776837207489,0.0330953327124667,0.0427511257614096,0.0202333101150774,0.349116239022665,0.0530155595146735,0.0619163288729892,8.63569388166286,5,4,49,123
0.0193577093788548,0.00430171319530107,0.0129051395859032,0.547722557505166,0.0193334284644619,3.58680819702514e-09,0.0111112301954024,0.604123107794413,0.0321543925028686,0.0111718586148922,26.4387550028951,3,3,49,123
0.0430171319530107,0.0064525697929516,0.0172068527812043,0.455842305838552,0.0333404103141193,0.00791755068068183,0.0126931698419454,0.412084356098075,0.0470938396531243,0.0206462046930877,11.1181546363734,4,5,49,123
0.00430171319530107,0.0408662753553602,0.032262848964758,0.623917748105777,0.00519789079285158,0.0310172532377693,0.0203764225971479,0.562045024122857,0.0257431473077169,0.052417173492195,21.8799470219208,3,4,49,123
0.0279611357694569,0.0430171319530107,0.0408662753553602,0.537831591218683,0.021560224267853,0.0302755309739891,0.0226783057791715,0.46855604657064,0.0438082777155313,0.0518543668996099,13.974077041632,3,2,49,123
0.000697460147156116,0.00592841125082698,0.00383603080935864,0.576556660197055,0.00065491195918646,0.00804827510114543,0.00305576437454807,0.476050283006369,0.00369741917309545,0.0100695310065726,13.0444097907987,3,5,50,147
0.00488222103009281,0.00104619022073417,0.00697460147156116,0.715198539852152,0.00526083404391348,0.00124264322284772,0.00699411907762373,0.696143749953085,0.0127701336611467,0.00823487863016725,50.6945805668926,4,4,50,147
0.000697460147156116,0.00209238044146835,0.00557968117724893,0.80403025220737,0.000116278285471911,0.00270899459854167,0.00494185359290772,0.794401413673024,0.00499158738905072,0.00783175260476152,59.2248481500566,4,2,50,147
0.00697460147156116,0.00209238044146835,0.00383603080935864,0.479167526055935,0.0076442726437902,0.00243482142822545,0.003737370300551,0.445906648139698,0.0109316415433625,0.00616877439093882,17.6420018317704,4,3,50,147
0.00557968117724893,0.00557968117724893,0.00348730073578058,0.384615384615385,0.00671840355541075,0.00487555896432292,0.00251037610016664,0.304063234157109,0.0090376040430621,0.00737822806558416,8.36388427738314,2,4,50,147
0.0041847608829367,0.0066258713979831,0.00348730073578058,0.395903791232448,0.00389717943220351,0.00718680858611957,0.00271698142944026,0.33569786689341,0.00661974678738496,0.00986240506411063,7.90560363413584,3,2,50,147
0.00523095110367087,0.00453349095651475,0.000697460147156116,0.12524485821703,0.00371338091522062,0.00435090655041029,0.00138817133249252,0.256549305179599,0.00514873261685271,0.00582155556894152,6.85391394756428,2,3,50,147
0.00209238044146835,0.00104619022073417,0.00627714132440504,0.801783725737273,0.00291495088073172,0.000242845271399688,0.00748896793168006,0.834992966195378,0.0102080856648359,0.007758975378077,85.6991926477845,4,5,50,147
0.00139492029431223,0.00592841125082698,0.00313857066220252,0.489535463898379,0.00140866140668892,0.00442171748775174,0.00557509315964471,0.667232069166026,0.00687965212954973,0.00961768170701363,43.3586256413478,5,3,50,147
0.00453349095651475,0.0041847608829367,0.00383603080935864,0.468191091917312,0.00432123549042776,0.00252487381769754,0.00365402718175959,0.520527474429727,0.00791538942571268,0.00609532607568949,24.7523698285185,4,5,50,147
